
[0, 0, 0, 0, 1]
[0, 0, 0, 0, 0]
[0, 0, 0, 0, 0]
[0, 0, 0, 0, 0]
[0, 0, 0, 0, 0]
[0, 0, 0, 0, 0]
[0, 0, 0, 0, 0]
[3, 4]
Score: 0

[0, 0, 0, 3, 1]
[0, 0, 0, 0, 0]
[0, 0, 0, 0, 0]
[0, 0, 0, 0, 0]
[0, 0, 0, 0, 0]
[0, 0, 0, 0, 0]
[0, 0, 0, 0, 0]
[4, 5]
Score: 0

[0, 0, 4, 3, 1]
[0, 0, 0, 0, 0]
[0, 0, 0, 0, 0]
[0, 0, 0, 0, 0]
[0, 0, 0, 0, 0]
[0, 0, 0, 0, 0]
[0, 0, 0, 0, 0]
[5, 6]
Score: 0

[0, 5, 4, 3, 1]
[0, 0, 0, 0, 0]
[0, 0, 0, 0, 0]
[0, 0, 0, 0, 0]
[0, 0, 0, 0, 0]
[0, 0, 0, 0, 0]
[0, 0, 0, 0, 0]
[6, 4]
Score: 0

[6, 5, 4, 3, 1]
[0, 0, 0, 0, 0]
[0, 0, 0, 0, 0]
[0, 0, 0, 0, 0]
[0, 0, 0, 0, 0]
[0, 0, 0, 0, 0]
[0, 0, 0, 0, 0]
[4, 4]
Score: 0

[6, 0, 6, 3, 1]
[0, 0, 0, 0, 0]
[0, 0, 0, 0, 0]
[0, 0, 0, 0, 0]
[0, 0, 0, 0, 0]
[0, 0, 0, 0, 0]
[0, 0, 0, 0, 0]
[4, 2]
Score: 5

[6, 0, 6, 3, 1]
[0, 0, 4, 0, 0]
[0, 0, 0, 0, 0]
[0, 0, 0, 0, 0]
[0, 0, 0, 0, 0]
[0, 0, 0, 0, 0]
[0, 0, 0, 0, 0]
[2, 4]
Score: 5

[6, 0, 6, 3, 1]
[0, 0, 4, 2, 0]
[0, 0, 0, 0, 0]
[0, 0, 0, 0, 0]
[0, 0, 0, 0, 0]
[0, 0, 0, 0, 0]
[0, 0, 0, 0, 0]
[4, 1]
Score: 5

[6, 0, 6, 3, 1]
[0, 0, 5, 2, 0]
[0, 0, 0, 0, 0]
[0, 0, 0, 0, 0]
[0, 0, 0, 0, 0]
[0, 0, 0, 0, 0]
[0, 0, 0, 0, 0]
[1, 5]
Score: 10

[6, 0, 6, 4, 0]
[0, 0, 5, 0, 0]
[0, 0, 0, 0, 0]
[0, 0, 0, 0, 0]
[0, 0, 0, 0, 0]
[0, 0, 0, 0, 0]
[0, 0, 0, 0, 0]
[5, 3]
Score: 19

[6, 5, 6, 4, 0]
[0, 0, 5, 0, 0]
[0, 0, 0, 0, 0]
[0, 0, 0, 0, 0]
[0, 0, 0, 0, 0]
[0, 0, 0, 0, 0]
[0, 0, 0, 0, 0]
[3, 5]
Score: 19

[6, 5, 6, 4, 0]
[0, 0, 5, 3, 0]
[0, 0, 0, 0, 0]
[0, 0, 0, 0, 0]
[0, 0, 0, 0, 0]
[0, 0, 0, 0, 0]
[0, 0, 0, 0, 0]
[5, 3]
Score: 19

[6, 7, 6, 4, 0]
[0, 0, 0, 3, 0]
[0, 0, 0, 0, 0]
[0, 0, 0, 0, 0]
[0, 0, 0, 0, 0]
[0, 0, 0, 0, 0]
[0, 0, 0, 0, 0]
[3, 2]
Score: 33

[6, 7, 6, 5, 0]
[0, 0, 0, 0, 0]
[0, 0, 0, 0, 0]
[0, 0, 0, 0, 0]
[0, 0, 0, 0, 0]
[0, 0, 0, 0, 0]
[0, 0, 0, 0, 0]
[2, 2]
Score: 42

[6, 7, 6, 5, 0]
[0, 0, 0, 2, 0]
[0, 0, 0, 0, 0]
[0, 0, 0, 0, 0]
[0, 0, 0, 0, 0]
[0, 0, 0, 0, 0]
[0, 0, 0, 0, 0]
[2, 1]
Score: 42

[6, 7, 6, 5, 0]
[0, 0, 0, 3, 0]
[0, 0, 0, 0, 0]
[0, 0, 0, 0, 0]
[0, 0, 0, 0, 0]
[0, 0, 0, 0, 0]
[0, 0, 0, 0, 0]
[1, 2]
Score: 45

[6, 7, 6, 5, 1]
[0, 0, 0, 3, 0]
[0, 0, 0, 0, 0]
[0, 0, 0, 0, 0]
[0, 0, 0, 0, 0]
[0, 0, 0, 0, 0]
[0, 0, 0, 0, 0]
[2, 6]
Score: 45

[6, 7, 6, 5, 1]
[0, 0, 0, 3, 0]
[0, 0, 0, 2, 0]
[0, 0, 0, 0, 0]
[0, 0, 0, 0, 0]
[0, 0, 0, 0, 0]
[0, 0, 0, 0, 0]
[6, 1]
Score: 45

[8, 0, 6, 5, 1]
[0, 0, 0, 3, 0]
[0, 0, 0, 2, 0]
[0, 0, 0, 0, 0]
[0, 0, 0, 0, 0]
[0, 0, 0, 0, 0]
[0, 0, 0, 0, 0]
[1, 6]
Score: 60

[8, 0, 6, 5, 2]
[0, 0, 0, 3, 0]
[0, 0, 0, 2, 0]
[0, 0, 0, 0, 0]
[0, 0, 0, 0, 0]
[0, 0, 0, 0, 0]
[0, 0, 0, 0, 0]
[6, 1]
Score: 62

[8, 0, 6, 5, 2]
[6, 0, 0, 3, 0]
[0, 0, 0, 2, 0]
[0, 0, 0, 0, 0]
[0, 0, 0, 0, 0]
[0, 0, 0, 0, 0]
[0, 0, 0, 0, 0]
[1, 1]
Score: 62

[8, 0, 6, 5, 2]
[6, 0, 0, 3, 1]
[0, 0, 0, 2, 0]
[0, 0, 0, 0, 0]
[0, 0, 0, 0, 0]
[0, 0, 0, 0, 0]
[0, 0, 0, 0, 0]
[1, 4]
Score: 62

[8, 0, 6, 5, 2]
[6, 0, 0, 4, 0]
[0, 0, 0, 0, 0]
[0, 0, 0, 0, 0]
[0, 0, 0, 0, 0]
[0, 0, 0, 0, 0]
[0, 0, 0, 0, 0]
[4, 5]
Score: 71

[8, 0, 6, 5, 2]
[6, 0, 5, 0, 0]
[0, 0, 0, 0, 0]
[0, 0, 0, 0, 0]
[0, 0, 0, 0, 0]
[0, 0, 0, 0, 0]
[0, 0, 0, 0, 0]
[5, 2]
Score: 76

[8, 5, 6, 5, 2]
[6, 0, 5, 0, 0]
[0, 0, 0, 0, 0]
[0, 0, 0, 0, 0]
[0, 0, 0, 0, 0]
[0, 0, 0, 0, 0]
[0, 0, 0, 0, 0]
[2, 4]
Score: 76

[8, 5, 6, 5, 2]
[6, 0, 5, 2, 0]
[0, 0, 0, 0, 0]
[0, 0, 0, 0, 0]
[0, 0, 0, 0, 0]
[0, 0, 0, 0, 0]
[0, 0, 0, 0, 0]
[4, 6]
Score: 76

[8, 5, 6, 5, 2]
[6, 0, 5, 2, 0]
[0, 0, 4, 0, 0]
[0, 0, 0, 0, 0]
[0, 0, 0, 0, 0]
[0, 0, 0, 0, 0]
[0, 0, 0, 0, 0]
[6, 5]
Score: 76

[8, 5, 6, 5, 2]
[7, 0, 5, 2, 0]
[0, 0, 4, 0, 0]
[0, 0, 0, 0, 0]
[0, 0, 0, 0, 0]
[0, 0, 0, 0, 0]
[0, 0, 0, 0, 0]
[5, 5]
Score: 83

[9, 0, 6, 5, 2]
[0, 0, 4, 2, 0]
[0, 0, 0, 0, 0]
[0, 0, 0, 0, 0]
[0, 0, 0, 0, 0]
[0, 0, 0, 0, 0]
[0, 0, 0, 0, 0]
[5, 6]
Score: 114

[9, 5, 6, 5, 2]
[0, 0, 4, 2, 0]
[0, 0, 0, 0, 0]
[0, 0, 0, 0, 0]
[0, 0, 0, 0, 0]
[0, 0, 0, 0, 0]
[0, 0, 0, 0, 0]
[6, 6]
Score: 114

[9, 5, 6, 5, 2]
[6, 0, 4, 2, 0]
[0, 0, 0, 0, 0]
[0, 0, 0, 0, 0]
[0, 0, 0, 0, 0]
[0, 0, 0, 0, 0]
[0, 0, 0, 0, 0]
[6, 1]
Score: 114

[9, 5, 6, 5, 2]
[7, 0, 4, 2, 0]
[0, 0, 0, 0, 0]
[0, 0, 0, 0, 0]
[0, 0, 0, 0, 0]
[0, 0, 0, 0, 0]
[0, 0, 0, 0, 0]
[1, 2]
Score: 121

[9, 5, 6, 5, 2]
[7, 0, 4, 2, 1]
[0, 0, 0, 0, 0]
[0, 0, 0, 0, 0]
[0, 0, 0, 0, 0]
[0, 0, 0, 0, 0]
[0, 0, 0, 0, 0]
[2, 5]
Score: 121

[9, 5, 6, 5, 2]
[7, 0, 4, 3, 1]
[0, 0, 0, 0, 0]
[0, 0, 0, 0, 0]
[0, 0, 0, 0, 0]
[0, 0, 0, 0, 0]
[0, 0, 0, 0, 0]
[5, 1]
Score: 124

[9, 7, 4, 5, 2]
[7, 0, 0, 3, 1]
[0, 0, 0, 0, 0]
[0, 0, 0, 0, 0]
[0, 0, 0, 0, 0]
[0, 0, 0, 0, 0]
[0, 0, 0, 0, 0]
[1, 1]
Score: 137

[9, 7, 4, 5, 0]
[7, 0, 0, 4, 0]
[0, 0, 0, 0, 0]
[0, 0, 0, 0, 0]
[0, 0, 0, 0, 0]
[0, 0, 0, 0, 0]
[0, 0, 0, 0, 0]
[1, 5]
Score: 146

[9, 7, 4, 5, 1]
[7, 0, 0, 4, 0]
[0, 0, 0, 0, 0]
[0, 0, 0, 0, 0]
[0, 0, 0, 0, 0]
[0, 0, 0, 0, 0]
[0, 0, 0, 0, 0]
[5, 3]
Score: 146

[9, 7, 4, 5, 1]
[7, 5, 0, 4, 0]
[0, 0, 0, 0, 0]
[0, 0, 0, 0, 0]
[0, 0, 0, 0, 0]
[0, 0, 0, 0, 0]
[0, 0, 0, 0, 0]
[3, 2]
Score: 146

[9, 7, 4, 5, 1]
[7, 5, 0, 4, 0]
[0, 0, 0, 3, 0]
[0, 0, 0, 0, 0]
[0, 0, 0, 0, 0]
[0, 0, 0, 0, 0]
[0, 0, 0, 0, 0]
[2, 3]
Score: 146

[9, 7, 4, 5, 1]
[7, 5, 0, 4, 0]
[0, 0, 0, 3, 0]
[0, 0, 0, 2, 0]
[0, 0, 0, 0, 0]
[0, 0, 0, 0, 0]
[0, 0, 0, 0, 0]
[3, 1]
Score: 146

[9, 7, 4, 5, 1]
[7, 5, 0, 4, 0]
[0, 0, 0, 3, 0]
[0, 0, 0, 2, 0]
[0, 0, 0, 3, 0]
[0, 0, 0, 0, 0]
[0, 0, 0, 0, 0]
[1, 2]
Score: 146

[9, 7, 4, 5, 2]
[7, 5, 0, 4, 0]
[0, 0, 0, 3, 0]
[0, 0, 0, 2, 0]
[0, 0, 0, 3, 0]
[0, 0, 0, 0, 0]
[0, 0, 0, 0, 0]
[2, 1]
Score: 148

[9, 7, 4, 5, 2]
[7, 5, 0, 4, 0]
[0, 0, 0, 3, 0]
[0, 0, 0, 2, 0]
[0, 0, 0, 3, 0]
[0, 0, 0, 2, 0]
[0, 0, 0, 0, 0]
[1, 4]
Score: 148

[9, 7, 4, 5, 2]
[7, 5, 0, 4, 1]
[0, 0, 0, 3, 0]
[0, 0, 0, 2, 0]
[0, 0, 0, 3, 0]
[0, 0, 0, 2, 0]
[0, 0, 0, 0, 0]
[4, 3]
Score: 148

[9, 7, 6, 5, 2]
[7, 5, 0, 3, 1]
[0, 0, 0, 2, 0]
[0, 0, 0, 3, 0]
[0, 0, 0, 2, 0]
[0, 0, 0, 0, 0]
[0, 0, 0, 0, 0]
[3, 4]
Score: 160

[9, 7, 6, 5, 2]
[7, 5, 0, 3, 1]
[0, 0, 0, 2, 0]
[0, 0, 0, 3, 0]
[0, 0, 0, 2, 0]
[0, 0, 0, 3, 0]
[0, 0, 0, 0, 0]
[4, 3]
Score: 160

[9, 7, 6, 5, 2]
[7, 5, 4, 3, 1]
[0, 0, 0, 2, 0]
[0, 0, 0, 3, 0]
[0, 0, 0, 2, 0]
[0, 0, 0, 3, 0]
[0, 0, 0, 0, 0]
[3, 1]
Score: 160

[9, 7, 6, 5, 2]
[7, 5, 4, 3, 1]
[0, 0, 0, 2, 0]
[0, 0, 0, 3, 0]
[0, 0, 0, 2, 0]
[0, 0, 0, 4, 0]
[0, 0, 0, 0, 0]
[1, 5]
Score: 164

[9, 7, 6, 5, 2]
[7, 5, 4, 3, 0]
[0, 0, 0, 4, 0]
[0, 0, 0, 2, 0]
[0, 0, 0, 4, 0]
[0, 0, 0, 0, 0]
[0, 0, 0, 0, 0]
[5, 6]
Score: 173

[9, 7, 6, 5, 2]
[7, 6, 4, 3, 0]
[0, 0, 0, 4, 0]
[0, 0, 0, 2, 0]
[0, 0, 0, 4, 0]
[0, 0, 0, 0, 0]
[0, 0, 0, 0, 0]
[6, 2]
Score: 179

[9, 7, 6, 5, 2]
[7, 6, 4, 3, 0]
[6, 0, 0, 4, 0]
[0, 0, 0, 2, 0]
[0, 0, 0, 4, 0]
[0, 0, 0, 0, 0]
[0, 0, 0, 0, 0]
[2, 3]
Score: 179

[9, 7, 6, 5, 2]
[7, 6, 4, 3, 0]
[6, 0, 0, 4, 0]
[0, 0, 0, 2, 0]
[0, 0, 0, 4, 0]
[0, 0, 0, 2, 0]
[0, 0, 0, 0, 0]
[3, 1]
Score: 179

[9, 7, 6, 5, 2]
[7, 6, 4, 3, 0]
[6, 0, 0, 4, 0]
[0, 0, 0, 2, 0]
[0, 0, 0, 4, 0]
[0, 0, 0, 2, 0]
[0, 0, 0, 3, 0]
[1, 3]
Score: 179

[9, 7, 6, 5, 2]
[7, 6, 4, 3, 1]
[6, 0, 0, 4, 0]
[0, 0, 0, 2, 0]
[0, 0, 0, 4, 0]
[0, 0, 0, 2, 0]
[0, 0, 0, 3, 0]
[3, 4]
Score: 179

[9, 7, 6, 5, 2]
[7, 6, 4, 3, 1]
[6, 0, 0, 4, 3]
[0, 0, 0, 2, 0]
[0, 0, 0, 4, 0]
[0, 0, 0, 2, 0]
[0, 0, 0, 3, 0]
[4, 2]
Score: 179

[9, 7, 8, 5, 2]
[7, 0, 0, 3, 1]
[6, 0, 0, 2, 3]
[0, 0, 0, 4, 0]
[0, 0, 0, 2, 0]
[0, 0, 0, 3, 0]
[0, 0, 0, 0, 0]
[2, 2]
Score: 199

[9, 7, 8, 5, 2]
[7, 0, 0, 3, 1]
[6, 0, 0, 2, 3]
[0, 0, 0, 4, 0]
[0, 0, 0, 2, 0]
[0, 0, 0, 3, 0]
[0, 0, 0, 2, 0]
[2, 4]
Score: 199

[9, 7, 8, 5, 2]
[7, 0, 0, 3, 1]
[6, 0, 0, 2, 3]
[0, 0, 0, 4, 2]
[0, 0, 0, 2, 0]
[0, 0, 0, 3, 0]
[0, 0, 0, 2, 0]
[4, 3]
Score: 199

[9, 7, 8, 5, 2]
[7, 0, 4, 3, 1]
[6, 0, 0, 2, 3]
[0, 0, 0, 4, 2]
[0, 0, 0, 2, 0]
[0, 0, 0, 3, 0]
[0, 0, 0, 2, 0]
[3, 6]
Score: 199

[9, 7, 8, 5, 2]
[7, 0, 4, 3, 1]
[6, 0, 0, 2, 3]
[0, 0, 0, 4, 2]
[0, 0, 0, 2, 3]
[0, 0, 0, 3, 0]
[0, 0, 0, 2, 0]
[6, 4]
Score: 199

[9, 7, 8, 5, 2]
[8, 0, 4, 3, 1]
[0, 0, 0, 2, 3]
[0, 0, 0, 4, 2]
[0, 0, 0, 2, 3]
[0, 0, 0, 3, 0]
[0, 0, 0, 2, 0]
[4, 1]
Score: 214

[9, 7, 8, 5, 2]
[8, 0, 5, 3, 1]
[0, 0, 0, 2, 3]
[0, 0, 0, 4, 2]
[0, 0, 0, 2, 3]
[0, 0, 0, 3, 0]
[0, 0, 0, 2, 0]
[1, 2]
Score: 219

[9, 7, 8, 5, 2]
[8, 0, 5, 3, 1]
[0, 0, 0, 2, 3]
[0, 0, 0, 4, 2]
[0, 0, 0, 2, 3]
[0, 0, 0, 3, 1]
[0, 0, 0, 2, 0]
[2, 3]
Score: 219

[9, 7, 8, 5, 2]
[8, 0, 5, 3, 1]
[0, 0, 0, 2, 3]
[0, 0, 0, 4, 2]
[0, 0, 0, 2, 3]
[0, 0, 0, 3, 1]
[0, 0, 0, 0, 3]
[3, 3]
Score: 219

[9, 7, 8, 5, 2]
[8, 0, 5, 3, 1]
[0, 0, 0, 2, 3]
[0, 0, 0, 4, 2]
[0, 0, 0, 2, 3]
[0, 0, 0, 5, 1]
[0, 0, 0, 0, 0]
[3, 3]
Score: 229

[9, 7, 8, 5, 2]
[8, 0, 5, 3, 1]
[0, 0, 0, 2, 3]
[0, 0, 0, 4, 2]
[0, 0, 0, 2, 3]
[0, 0, 0, 5, 1]
[0, 0, 0, 3, 0]
[3, 1]
Score: 229

[9, 7, 8, 5, 2]
[8, 0, 5, 3, 1]
[0, 0, 0, 2, 3]
[0, 0, 0, 4, 2]
[0, 0, 0, 2, 3]
[0, 0, 0, 5, 1]
[0, 0, 0, 0, 4]
[1, 2]
Score: 229

[9, 7, 8, 5, 2]
[8, 0, 5, 3, 1]
[0, 0, 0, 2, 3]
[0, 0, 0, 4, 2]
[0, 0, 0, 2, 3]
[0, 0, 0, 5, 1]
[0, 0, 0, 1, 4]
[2, 4]
Score: 229

[9, 7, 8, 5, 2]
[8, 0, 5, 3, 1]
[0, 0, 3, 6, 3]
[0, 0, 0, 2, 4]
[0, 0, 0, 0, 0]
[0, 0, 0, 0, 0]
[0, 0, 0, 0, 0]
[4, 5]
Score: 252

[9, 7, 8, 5, 2]
[8, 0, 5, 3, 1]
[0, 0, 3, 6, 3]
[0, 0, 4, 2, 4]
[0, 0, 0, 0, 0]
[0, 0, 0, 0, 0]
[0, 0, 0, 0, 0]
[5, 6]
Score: 252

[9, 7, 8, 5, 2]
[8, 6, 5, 6, 1]
[0, 0, 0, 2, 3]
[0, 0, 0, 0, 4]
[0, 0, 0, 0, 0]
[0, 0, 0, 0, 0]
[0, 0, 0, 0, 0]
[6, 5]
Score: 267

[9, 7, 8, 5, 2]
[8, 6, 5, 6, 1]
[6, 0, 0, 2, 3]
[0, 0, 0, 0, 4]
[0, 0, 0, 0, 0]
[0, 0, 0, 0, 0]
[0, 0, 0, 0, 0]
[5, 1]
Score: 267

[9, 7, 8, 5, 2]
[8, 6, 5, 6, 1]
[6, 5, 0, 2, 3]
[0, 0, 0, 0, 4]
[0, 0, 0, 0, 0]
[0, 0, 0, 0, 0]
[0, 0, 0, 0, 0]
[1, 3]
Score: 267

[9, 7, 8, 5, 2]
[8, 6, 5, 6, 1]
[6, 5, 0, 2, 3]
[0, 0, 0, 0, 4]
[0, 0, 0, 0, 1]
[0, 0, 0, 0, 0]
[0, 0, 0, 0, 0]
[3, 2]
Score: 267

[9, 7, 8, 5, 2]
[8, 6, 5, 6, 1]
[6, 5, 0, 2, 3]
[0, 0, 0, 3, 4]
[0, 0, 0, 0, 1]
[0, 0, 0, 0, 0]
[0, 0, 0, 0, 0]
[2, 4]
Score: 267

[9, 7, 8, 5, 2]
[8, 6, 5, 6, 1]
[6, 5, 0, 2, 3]
[0, 0, 0, 3, 4]
[0, 0, 0, 2, 1]
[0, 0, 0, 0, 0]
[0, 0, 0, 0, 0]
[4, 4]
Score: 267

[9, 7, 8, 5, 2]
[8, 6, 5, 6, 1]
[6, 5, 4, 2, 3]
[0, 0, 0, 3, 4]
[0, 0, 0, 2, 1]
[0, 0, 0, 0, 0]
[0, 0, 0, 0, 0]
[4, 1]
Score: 267

[9, 7, 8, 5, 2]
[8, 6, 7, 6, 1]
[6, 0, 0, 2, 3]
[0, 0, 0, 3, 4]
[0, 0, 0, 2, 1]
[0, 0, 0, 0, 0]
[0, 0, 0, 0, 0]
[1, 5]
Score: 279

[9, 7, 8, 5, 2]
[8, 6, 7, 6, 1]
[6, 0, 0, 2, 3]
[0, 0, 0, 3, 4]
[0, 0, 0, 0, 3]
[0, 0, 0, 0, 0]
[0, 0, 0, 0, 0]
[5, 1]
Score: 281

[9, 7, 8, 5, 2]
[8, 6, 7, 6, 1]
[6, 5, 0, 2, 3]
[0, 0, 0, 3, 4]
[0, 0, 0, 0, 3]
[0, 0, 0, 0, 0]
[0, 0, 0, 0, 0]
[1, 5]
Score: 281

[9, 7, 8, 5, 2]
[8, 6, 7, 6, 1]
[6, 5, 0, 2, 3]
[0, 0, 0, 3, 4]
[0, 0, 0, 0, 3]
[0, 0, 0, 0, 1]
[0, 0, 0, 0, 0]
[5, 5]
Score: 281

[9, 7, 8, 5, 2]
[0, 9, 7, 6, 1]
[0, 0, 0, 2, 3]
[0, 0, 0, 3, 4]
[0, 0, 0, 0, 3]
[0, 0, 0, 0, 1]
[0, 0, 0, 0, 0]
[5, 6]
Score: 295

[9, 7, 8, 5, 2]
[0, 9, 7, 6, 1]
[0, 5, 0, 2, 3]
[0, 0, 0, 3, 4]
[0, 0, 0, 0, 3]
[0, 0, 0, 0, 1]
[0, 0, 0, 0, 0]
[6, 4]
Score: 295

[9, 7, 8, 5, 2]
[6, 9, 7, 6, 1]
[0, 5, 0, 2, 3]
[0, 0, 0, 3, 4]
[0, 0, 0, 0, 3]
[0, 0, 0, 0, 1]
[0, 0, 0, 0, 0]
[4, 5]
Score: 295

[9, 7, 8, 5, 2]
[6, 9, 7, 6, 1]
[0, 5, 4, 2, 3]
[0, 0, 0, 3, 4]
[0, 0, 0, 0, 3]
[0, 0, 0, 0, 1]
[0, 0, 0, 0, 0]
[5, 2]
Score: 295

[9, 7, 8, 5, 2]
[6, 9, 7, 6, 1]
[0, 6, 4, 2, 3]
[0, 0, 0, 3, 4]
[0, 0, 0, 0, 3]
[0, 0, 0, 0, 1]
[0, 0, 0, 0, 0]
[2, 5]
Score: 301

[9, 7, 8, 5, 2]
[6, 9, 7, 6, 1]
[0, 6, 4, 2, 3]
[0, 0, 0, 3, 4]
[0, 0, 0, 2, 3]
[0, 0, 0, 0, 1]
[0, 0, 0, 0, 0]
[5, 1]
Score: 301

[9, 7, 8, 5, 2]
[6, 9, 7, 6, 1]
[0, 6, 4, 2, 3]
[0, 5, 0, 3, 4]
[0, 0, 0, 2, 3]
[0, 0, 0, 0, 1]
[0, 0, 0, 0, 0]
[1, 4]
Score: 301

[9, 7, 8, 5, 2]
[6, 9, 7, 6, 1]
[0, 6, 4, 2, 3]
[0, 5, 0, 3, 4]
[0, 0, 0, 2, 3]
[0, 0, 0, 0, 2]
[0, 0, 0, 0, 0]
[4, 1]
Score: 303

[9, 7, 8, 5, 2]
[6, 9, 7, 6, 1]
[0, 7, 0, 2, 3]
[0, 0, 0, 3, 4]
[0, 0, 0, 2, 3]
[0, 0, 0, 0, 2]
[0, 0, 0, 0, 0]
[1, 5]
Score: 321

[9, 7, 8, 5, 2]
[6, 9, 7, 6, 1]
[0, 7, 0, 2, 3]
[0, 0, 0, 3, 4]
[0, 0, 0, 2, 3]
[0, 0, 0, 0, 2]
[0, 0, 0, 0, 1]
[5, 6]
Score: 321

[9, 7, 8, 5, 2]
[6, 9, 7, 6, 1]
[0, 7, 0, 2, 3]
[0, 5, 0, 3, 4]
[0, 0, 0, 2, 3]
[0, 0, 0, 0, 2]
[0, 0, 0, 0, 1]
[6, 6]
Score: 321

[9, 7, 8, 5, 2]
[8, 9, 7, 6, 1]
[0, 5, 0, 2, 3]
[0, 0, 0, 3, 4]
[0, 0, 0, 2, 3]
[0, 0, 0, 0, 2]
[0, 0, 0, 0, 1]
[6, 6]
Score: 336

[9, 7, 8, 5, 2]
[8, 9, 7, 6, 1]
[6, 5, 0, 2, 3]
[0, 0, 0, 3, 4]
[0, 0, 0, 2, 3]
[0, 0, 0, 0, 2]
[0, 0, 0, 0, 1]
[6, 6]
Score: 336

[9, 7, 8, 5, 2]
[8, 9, 7, 6, 1]
[7, 5, 0, 2, 3]
[0, 0, 0, 3, 4]
[0, 0, 0, 2, 3]
[0, 0, 0, 0, 2]
[0, 0, 0, 0, 1]
[6, 4]
Score: 343

[9, 7, 8, 5, 2]
[8, 9, 7, 6, 1]
[7, 5, 0, 2, 3]
[6, 0, 0, 3, 4]
[0, 0, 0, 2, 3]
[0, 0, 0, 0, 2]
[0, 0, 0, 0, 1]
[4, 3]
Score: 343

[9, 7, 8, 5, 2]
[8, 9, 7, 6, 1]
[7, 5, 4, 2, 3]
[6, 0, 0, 3, 4]
[0, 0, 0, 2, 3]
[0, 0, 0, 0, 2]
[0, 0, 0, 0, 1]
[3, 6]
Score: 343

[9, 7, 8, 5, 2]
[8, 9, 7, 6, 1]
[7, 5, 4, 2, 3]
[6, 0, 0, 3, 4]
[0, 0, 0, 2, 3]
[0, 0, 0, 3, 2]
[0, 0, 0, 0, 1]
[6, 2]
Score: 343

[11, 7, 8, 5, 2]
[0, 5, 7, 6, 1]
[0, 0, 4, 2, 3]
[0, 0, 0, 3, 4]
[0, 0, 0, 2, 3]
[0, 0, 0, 3, 2]
[0, 0, 0, 0, 1]
[2, 3]
Score: 389

[11, 7, 8, 5, 2]
[0, 5, 7, 6, 1]
[0, 0, 4, 2, 3]
[0, 0, 0, 3, 4]
[0, 0, 0, 2, 3]
[0, 0, 0, 3, 2]
[0, 0, 0, 2, 1]
[3, 2]
Score: 389

[11, 7, 8, 5, 2]
[0, 5, 7, 6, 1]
[0, 0, 5, 4, 5]
[0, 0, 0, 3, 1]
[0, 0, 0, 0, 0]
[0, 0, 0, 0, 0]
[0, 0, 0, 0, 0]
[2, 5]
Score: 413

[11, 7, 8, 5, 2]
[0, 5, 7, 6, 1]
[0, 0, 5, 4, 5]
[0, 0, 0, 3, 1]
[0, 0, 0, 2, 0]
[0, 0, 0, 0, 0]
[0, 0, 0, 0, 0]
[5, 2]
Score: 413

[11, 9, 8, 5, 2]
[0, 0, 0, 6, 1]
[0, 0, 0, 4, 5]
[0, 0, 0, 3, 1]
[0, 0, 0, 2, 0]
[0, 0, 0, 0, 0]
[0, 0, 0, 0, 0]
[2, 6]
Score: 445

[11, 9, 8, 5, 3]
[0, 0, 0, 7, 0]
[0, 0, 0, 0, 0]
[0, 0, 0, 0, 0]
[0, 0, 0, 0, 0]
[0, 0, 0, 0, 0]
[0, 0, 0, 0, 0]
[6, 2]
Score: 475

[11, 9, 8, 5, 3]
[6, 0, 0, 7, 0]
[0, 0, 0, 0, 0]
[0, 0, 0, 0, 0]
[0, 0, 0, 0, 0]
[0, 0, 0, 0, 0]
[0, 0, 0, 0, 0]
[2, 3]
Score: 475

[11, 9, 8, 5, 3]
[6, 0, 0, 7, 0]
[0, 0, 0, 2, 0]
[0, 0, 0, 0, 0]
[0, 0, 0, 0, 0]
[0, 0, 0, 0, 0]
[0, 0, 0, 0, 0]
[3, 5]
Score: 475

[11, 9, 8, 5, 3]
[6, 0, 0, 7, 0]
[0, 0, 0, 2, 0]
[0, 0, 0, 3, 0]
[0, 0, 0, 0, 0]
[0, 0, 0, 0, 0]
[0, 0, 0, 0, 0]
[5, 2]
Score: 475

[11, 9, 8, 5, 3]
[6, 5, 0, 7, 0]
[0, 0, 0, 2, 0]
[0, 0, 0, 3, 0]
[0, 0, 0, 0, 0]
[0, 0, 0, 0, 0]
[0, 0, 0, 0, 0]
[2, 1]
Score: 475

[11, 9, 8, 5, 3]
[6, 5, 0, 7, 0]
[0, 0, 0, 2, 0]
[0, 0, 0, 3, 0]
[0, 0, 0, 2, 0]
[0, 0, 0, 0, 0]
[0, 0, 0, 0, 0]
[1, 4]
Score: 475

[11, 9, 8, 5, 3]
[6, 5, 0, 7, 1]
[0, 0, 0, 2, 0]
[0, 0, 0, 3, 0]
[0, 0, 0, 2, 0]
[0, 0, 0, 0, 0]
[0, 0, 0, 0, 0]
[4, 1]
Score: 475

[11, 9, 8, 5, 3]
[6, 5, 4, 7, 1]
[0, 0, 0, 2, 0]
[0, 0, 0, 3, 0]
[0, 0, 0, 2, 0]
[0, 0, 0, 0, 0]
[0, 0, 0, 0, 0]
[1, 5]
Score: 475

[11, 9, 8, 5, 3]
[6, 5, 4, 7, 0]
[0, 0, 0, 4, 0]
[0, 0, 0, 2, 0]
[0, 0, 0, 0, 0]
[0, 0, 0, 0, 0]
[0, 0, 0, 0, 0]
[5, 4]
Score: 484

[11, 9, 8, 5, 3]
[0, 7, 4, 7, 0]
[0, 0, 0, 4, 0]
[0, 0, 0, 2, 0]
[0, 0, 0, 0, 0]
[0, 0, 0, 0, 0]
[0, 0, 0, 0, 0]
[4, 2]
Score: 490

[11, 9, 8, 5, 3]
[0, 7, 6, 7, 0]
[0, 0, 0, 2, 0]
[0, 0, 0, 0, 0]
[0, 0, 0, 0, 0]
[0, 0, 0, 0, 0]
[0, 0, 0, 0, 0]
[2, 4]
Score: 502

[11, 9, 8, 5, 3]
[0, 7, 6, 7, 0]
[0, 0, 0, 3, 0]
[0, 0, 0, 0, 0]
[0, 0, 0, 0, 0]
[0, 0, 0, 0, 0]
[0, 0, 0, 0, 0]
[4, 4]
Score: 505

[11, 9, 8, 5, 3]
[0, 7, 6, 7, 0]
[0, 0, 4, 3, 0]
[0, 0, 0, 0, 0]
[0, 0, 0, 0, 0]
[0, 0, 0, 0, 0]
[0, 0, 0, 0, 0]
[4, 5]
Score: 505

[11, 9, 8, 5, 3]
[0, 7, 6, 7, 0]
[0, 0, 5, 3, 0]
[0, 0, 0, 0, 0]
[0, 0, 0, 0, 0]
[0, 0, 0, 0, 0]
[0, 0, 0, 0, 0]
[5, 5]
Score: 510

[11, 9, 8, 5, 3]
[0, 7, 6, 7, 0]
[0, 6, 0, 3, 0]
[0, 0, 0, 0, 0]
[0, 0, 0, 0, 0]
[0, 0, 0, 0, 0]
[0, 0, 0, 0, 0]
[5, 6]
Score: 516

[11, 9, 8, 5, 3]
[0, 7, 6, 7, 0]
[0, 6, 0, 3, 0]
[0, 5, 0, 0, 0]
[0, 0, 0, 0, 0]
[0, 0, 0, 0, 0]
[0, 0, 0, 0, 0]
[6, 6]
Score: 516

[11, 9, 8, 5, 3]
[6, 7, 6, 7, 0]
[0, 6, 0, 3, 0]
[0, 5, 0, 0, 0]
[0, 0, 0, 0, 0]
[0, 0, 0, 0, 0]
[0, 0, 0, 0, 0]
[6, 6]
Score: 516

[11, 9, 8, 5, 3]
[8, 7, 6, 7, 0]
[0, 5, 0, 3, 0]
[0, 0, 0, 0, 0]
[0, 0, 0, 0, 0]
[0, 0, 0, 0, 0]
[0, 0, 0, 0, 0]
[6, 5]
Score: 532

[11, 9, 8, 5, 3]
[8, 7, 6, 7, 0]
[6, 5, 0, 3, 0]
[0, 0, 0, 0, 0]
[0, 0, 0, 0, 0]
[0, 0, 0, 0, 0]
[0, 0, 0, 0, 0]
[5, 2]
Score: 532

[11, 10, 8, 5, 3]
[0, 0, 6, 7, 0]
[0, 0, 0, 3, 0]
[0, 0, 0, 0, 0]
[0, 0, 0, 0, 0]
[0, 0, 0, 0, 0]
[0, 0, 0, 0, 0]
[2, 3]
Score: 556

[11, 10, 8, 5, 3]
[0, 0, 6, 7, 0]
[0, 0, 0, 3, 0]
[0, 0, 0, 2, 0]
[0, 0, 0, 0, 0]
[0, 0, 0, 0, 0]
[0, 0, 0, 0, 0]
[3, 6]
Score: 556

[11, 10, 8, 5, 3]
[0, 0, 6, 7, 0]
[0, 0, 0, 3, 0]
[0, 0, 0, 2, 0]
[0, 0, 0, 3, 0]
[0, 0, 0, 0, 0]
[0, 0, 0, 0, 0]
[6, 6]
Score: 556

[11, 10, 8, 5, 3]
[6, 0, 6, 7, 0]
[0, 0, 0, 3, 0]
[0, 0, 0, 2, 0]
[0, 0, 0, 3, 0]
[0, 0, 0, 0, 0]
[0, 0, 0, 0, 0]
[6, 3]
Score: 556

[11, 10, 8, 5, 3]
[7, 0, 6, 7, 0]
[0, 0, 0, 3, 0]
[0, 0, 0, 2, 0]
[0, 0, 0, 3, 0]
[0, 0, 0, 0, 0]
[0, 0, 0, 0, 0]
[3, 2]
Score: 563

[11, 10, 8, 5, 3]
[7, 0, 6, 7, 0]
[0, 0, 0, 3, 0]
[0, 0, 0, 2, 0]
[0, 0, 0, 4, 0]
[0, 0, 0, 0, 0]
[0, 0, 0, 0, 0]
[2, 1]
Score: 567

[11, 10, 8, 5, 3]
[7, 0, 6, 7, 0]
[0, 0, 0, 3, 0]
[0, 0, 0, 2, 0]
[0, 0, 0, 4, 0]
[0, 0, 0, 2, 0]
[0, 0, 0, 0, 0]
[1, 1]
Score: 567

[11, 10, 8, 5, 3]
[7, 0, 6, 7, 1]
[0, 0, 0, 3, 0]
[0, 0, 0, 2, 0]
[0, 0, 0, 4, 0]
[0, 0, 0, 2, 0]
[0, 0, 0, 0, 0]
[1, 2]
Score: 567

[11, 10, 8, 5, 3]
[7, 0, 6, 7, 2]
[0, 0, 0, 3, 0]
[0, 0, 0, 2, 0]
[0, 0, 0, 4, 0]
[0, 0, 0, 2, 0]
[0, 0, 0, 0, 0]
[2, 1]
Score: 569

[11, 10, 8, 5, 3]
[7, 0, 6, 7, 2]
[0, 0, 0, 3, 0]
[0, 0, 0, 2, 0]
[0, 0, 0, 4, 0]
[0, 0, 0, 3, 0]
[0, 0, 0, 0, 0]
[1, 1]
Score: 572

[11, 10, 8, 5, 3]
[7, 0, 6, 7, 2]
[0, 0, 0, 3, 1]
[0, 0, 0, 2, 0]
[0, 0, 0, 4, 0]
[0, 0, 0, 3, 0]
[0, 0, 0, 0, 0]
[1, 6]
Score: 572

[11, 10, 8, 5, 3]
[7, 0, 6, 7, 2]
[0, 0, 0, 5, 0]
[0, 0, 0, 3, 0]
[0, 0, 0, 0, 0]
[0, 0, 0, 0, 0]
[0, 0, 0, 0, 0]
[6, 3]
Score: 586

[11, 10, 8, 5, 3]
[7, 0, 6, 7, 2]
[6, 0, 0, 5, 0]
[0, 0, 0, 3, 0]
[0, 0, 0, 0, 0]
[0, 0, 0, 0, 0]
[0, 0, 0, 0, 0]
[3, 4]
Score: 586

[11, 10, 8, 5, 3]
[7, 0, 6, 7, 2]
[6, 0, 0, 5, 0]
[0, 0, 0, 4, 0]
[0, 0, 0, 0, 0]
[0, 0, 0, 0, 0]
[0, 0, 0, 0, 0]
[4, 4]
Score: 590

[11, 10, 8, 5, 3]
[7, 0, 6, 7, 2]
[6, 0, 4, 5, 0]
[0, 0, 0, 4, 0]
[0, 0, 0, 0, 0]
[0, 0, 0, 0, 0]
[0, 0, 0, 0, 0]
[4, 4]
Score: 590

[11, 10, 9, 6, 3]
[7, 0, 0, 0, 2]
[6, 0, 0, 0, 0]
[0, 0, 0, 0, 0]
[0, 0, 0, 0, 0]
[0, 0, 0, 0, 0]
[0, 0, 0, 0, 0]
[4, 5]
Score: 632

[11, 10, 9, 6, 3]
[7, 0, 4, 0, 2]
[6, 0, 0, 0, 0]
[0, 0, 0, 0, 0]
[0, 0, 0, 0, 0]
[0, 0, 0, 0, 0]
[0, 0, 0, 0, 0]
[5, 3]
Score: 632

[11, 10, 9, 6, 3]
[7, 5, 4, 0, 2]
[6, 0, 0, 0, 0]
[0, 0, 0, 0, 0]
[0, 0, 0, 0, 0]
[0, 0, 0, 0, 0]
[0, 0, 0, 0, 0]
[3, 1]
Score: 632

[11, 10, 9, 6, 3]
[7, 5, 4, 3, 2]
[6, 0, 0, 0, 0]
[0, 0, 0, 0, 0]
[0, 0, 0, 0, 0]
[0, 0, 0, 0, 0]
[0, 0, 0, 0, 0]
[1, 3]
Score: 632

[11, 10, 9, 6, 3]
[7, 5, 4, 3, 2]
[6, 0, 0, 0, 1]
[0, 0, 0, 0, 0]
[0, 0, 0, 0, 0]
[0, 0, 0, 0, 0]
[0, 0, 0, 0, 0]
[3, 4]
Score: 632

[11, 10, 9, 6, 3]
[7, 5, 0, 5, 2]
[6, 0, 0, 0, 1]
[0, 0, 0, 0, 0]
[0, 0, 0, 0, 0]
[0, 0, 0, 0, 0]
[0, 0, 0, 0, 0]
[4, 6]
Score: 636

[11, 10, 9, 6, 3]
[7, 5, 4, 5, 2]
[6, 0, 0, 0, 1]
[0, 0, 0, 0, 0]
[0, 0, 0, 0, 0]
[0, 0, 0, 0, 0]
[0, 0, 0, 0, 0]
[6, 6]
Score: 636

[11, 10, 9, 6, 3]
[8, 5, 4, 5, 2]
[0, 0, 0, 0, 1]
[0, 0, 0, 0, 0]
[0, 0, 0, 0, 0]
[0, 0, 0, 0, 0]
[0, 0, 0, 0, 0]
[6, 6]
Score: 651

[11, 10, 9, 6, 3]
[8, 5, 4, 5, 2]
[6, 0, 0, 0, 1]
[0, 0, 0, 0, 0]
[0, 0, 0, 0, 0]
[0, 0, 0, 0, 0]
[0, 0, 0, 0, 0]
[6, 2]
Score: 651

[11, 10, 9, 6, 3]
[8, 5, 4, 5, 2]
[7, 0, 0, 0, 1]
[0, 0, 0, 0, 0]
[0, 0, 0, 0, 0]
[0, 0, 0, 0, 0]
[0, 0, 0, 0, 0]
[2, 4]
Score: 658

[11, 10, 9, 6, 3]
[8, 5, 4, 5, 2]
[7, 0, 0, 2, 1]
[0, 0, 0, 0, 0]
[0, 0, 0, 0, 0]
[0, 0, 0, 0, 0]
[0, 0, 0, 0, 0]
[4, 3]
Score: 658

[11, 10, 9, 6, 3]
[8, 0, 7, 3, 1]
[7, 0, 0, 0, 0]
[0, 0, 0, 0, 0]
[0, 0, 0, 0, 0]
[0, 0, 0, 0, 0]
[0, 0, 0, 0, 0]
[3, 5]
Score: 673

[11, 10, 9, 6, 3]
[8, 0, 7, 4, 1]
[7, 0, 0, 0, 0]
[0, 0, 0, 0, 0]
[0, 0, 0, 0, 0]
[0, 0, 0, 0, 0]
[0, 0, 0, 0, 0]
[5, 5]
Score: 677

[11, 10, 9, 6, 3]
[8, 5, 7, 4, 1]
[7, 0, 0, 0, 0]
[0, 0, 0, 0, 0]
[0, 0, 0, 0, 0]
[0, 0, 0, 0, 0]
[0, 0, 0, 0, 0]
[5, 6]
Score: 677

[11, 10, 9, 6, 3]
[8, 6, 7, 4, 1]
[7, 0, 0, 0, 0]
[0, 0, 0, 0, 0]
[0, 0, 0, 0, 0]
[0, 0, 0, 0, 0]
[0, 0, 0, 0, 0]
[6, 4]
Score: 683

[11, 10, 9, 6, 3]
[8, 6, 7, 4, 1]
[7, 0, 0, 0, 0]
[6, 0, 0, 0, 0]
[0, 0, 0, 0, 0]
[0, 0, 0, 0, 0]
[0, 0, 0, 0, 0]
[4, 1]
Score: 683

[11, 10, 9, 6, 3]
[8, 6, 7, 4, 1]
[7, 0, 4, 0, 0]
[6, 0, 0, 0, 0]
[0, 0, 0, 0, 0]
[0, 0, 0, 0, 0]
[0, 0, 0, 0, 0]
[1, 5]
Score: 683

[11, 10, 9, 6, 3]
[8, 6, 7, 4, 2]
[7, 0, 4, 0, 0]
[6, 0, 0, 0, 0]
[0, 0, 0, 0, 0]
[0, 0, 0, 0, 0]
[0, 0, 0, 0, 0]
[5, 6]
Score: 685

[11, 10, 9, 6, 3]
[8, 6, 7, 4, 2]
[7, 5, 4, 0, 0]
[6, 0, 0, 0, 0]
[0, 0, 0, 0, 0]
[0, 0, 0, 0, 0]
[0, 0, 0, 0, 0]
[6, 1]
Score: 685

[11, 10, 9, 6, 3]
[9, 6, 7, 4, 2]
[0, 5, 4, 0, 0]
[0, 0, 0, 0, 0]
[0, 0, 0, 0, 0]
[0, 0, 0, 0, 0]
[0, 0, 0, 0, 0]
[1, 4]
Score: 709

[11, 10, 9, 6, 3]
[9, 6, 7, 4, 2]
[0, 5, 4, 0, 1]
[0, 0, 0, 0, 0]
[0, 0, 0, 0, 0]
[0, 0, 0, 0, 0]
[0, 0, 0, 0, 0]
[4, 1]
Score: 709

[11, 10, 9, 6, 3]
[9, 6, 7, 4, 2]
[0, 0, 6, 0, 1]
[0, 0, 0, 0, 0]
[0, 0, 0, 0, 0]
[0, 0, 0, 0, 0]
[0, 0, 0, 0, 0]
[1, 4]
Score: 714

[11, 10, 9, 6, 0]
[9, 6, 7, 5, 0]
[0, 0, 6, 0, 0]
[0, 0, 0, 0, 0]
[0, 0, 0, 0, 0]
[0, 0, 0, 0, 0]
[0, 0, 0, 0, 0]
[4, 3]
Score: 728

[11, 10, 9, 6, 0]
[9, 6, 7, 5, 0]
[0, 0, 6, 0, 0]
[0, 0, 4, 0, 0]
[0, 0, 0, 0, 0]
[0, 0, 0, 0, 0]
[0, 0, 0, 0, 0]
[3, 6]
Score: 728

[11, 10, 9, 6, 0]
[9, 6, 7, 5, 0]
[0, 0, 6, 3, 0]
[0, 0, 4, 0, 0]
[0, 0, 0, 0, 0]
[0, 0, 0, 0, 0]
[0, 0, 0, 0, 0]
[6, 5]
Score: 728

[11, 10, 9, 6, 0]
[9, 6, 7, 5, 0]
[6, 0, 6, 3, 0]
[0, 0, 4, 0, 0]
[0, 0, 0, 0, 0]
[0, 0, 0, 0, 0]
[0, 0, 0, 0, 0]
[5, 2]
Score: 728

[11, 10, 9, 6, 0]
[9, 6, 7, 5, 0]
[6, 5, 6, 3, 0]
[0, 0, 4, 0, 0]
[0, 0, 0, 0, 0]
[0, 0, 0, 0, 0]
[0, 0, 0, 0, 0]
[2, 3]
Score: 728

[11, 10, 9, 6, 0]
[9, 6, 7, 5, 0]
[6, 5, 6, 3, 0]
[0, 0, 4, 2, 0]
[0, 0, 0, 0, 0]
[0, 0, 0, 0, 0]
[0, 0, 0, 0, 0]
[3, 4]
Score: 728

[11, 10, 9, 6, 0]
[9, 6, 7, 5, 0]
[6, 5, 6, 3, 0]
[0, 0, 4, 2, 0]
[0, 0, 0, 3, 0]
[0, 0, 0, 0, 0]
[0, 0, 0, 0, 0]
[4, 5]
Score: 728

[11, 10, 9, 6, 0]
[9, 6, 7, 5, 0]
[6, 5, 6, 3, 0]
[0, 0, 5, 2, 0]
[0, 0, 0, 3, 0]
[0, 0, 0, 0, 0]
[0, 0, 0, 0, 0]
[5, 5]
Score: 733

[11, 10, 9, 6, 0]
[9, 6, 7, 5, 0]
[6, 7, 6, 3, 0]
[0, 0, 0, 2, 0]
[0, 0, 0, 3, 0]
[0, 0, 0, 0, 0]
[0, 0, 0, 0, 0]
[5, 5]
Score: 747

[11, 10, 9, 6, 0]
[9, 6, 7, 5, 0]
[6, 7, 6, 3, 0]
[0, 5, 0, 2, 0]
[0, 0, 0, 3, 0]
[0, 0, 0, 0, 0]
[0, 0, 0, 0, 0]
[5, 4]
Score: 747

[11, 10, 9, 6, 0]
[9, 6, 7, 5, 0]
[6, 7, 6, 3, 0]
[0, 6, 0, 2, 0]
[0, 0, 0, 3, 0]
[0, 0, 0, 0, 0]
[0, 0, 0, 0, 0]
[4, 4]
Score: 753

[11, 10, 9, 6, 0]
[9, 6, 7, 5, 0]
[6, 7, 6, 3, 0]
[0, 6, 4, 2, 0]
[0, 0, 0, 3, 0]
[0, 0, 0, 0, 0]
[0, 0, 0, 0, 0]
[4, 2]
Score: 753

[11, 10, 9, 6, 0]
[9, 6, 7, 5, 0]
[6, 7, 6, 3, 0]
[0, 6, 5, 2, 0]
[0, 0, 0, 3, 0]
[0, 0, 0, 0, 0]
[0, 0, 0, 0, 0]
[2, 6]
Score: 758

[11, 10, 9, 6, 0]
[9, 6, 7, 5, 0]
[6, 7, 6, 3, 0]
[0, 6, 5, 2, 0]
[0, 0, 0, 3, 0]
[0, 0, 0, 2, 0]
[0, 0, 0, 0, 0]
[6, 6]
Score: 758

[11, 10, 9, 6, 0]
[9, 6, 7, 5, 0]
[8, 7, 6, 3, 0]
[0, 0, 5, 2, 0]
[0, 0, 0, 3, 0]
[0, 0, 0, 2, 0]
[0, 0, 0, 0, 0]
[6, 3]
Score: 774

[11, 10, 9, 6, 0]
[9, 6, 7, 5, 0]
[8, 7, 6, 3, 0]
[6, 0, 5, 2, 0]
[0, 0, 0, 3, 0]
[0, 0, 0, 2, 0]
[0, 0, 0, 0, 0]
[3, 2]
Score: 774

[11, 10, 9, 6, 0]
[9, 6, 7, 5, 0]
[8, 7, 6, 3, 0]
[6, 0, 5, 2, 0]
[0, 0, 0, 3, 0]
[0, 0, 0, 2, 0]
[0, 0, 0, 3, 0]
[2, 4]
Score: 774

[11, 10, 9, 6, 2]
[9, 6, 7, 5, 0]
[8, 7, 6, 3, 0]
[6, 0, 5, 2, 0]
[0, 0, 0, 3, 0]
[0, 0, 0, 2, 0]
[0, 0, 0, 3, 0]
[4, 5]
Score: 774

[11, 10, 9, 6, 2]
[9, 6, 7, 5, 0]
[8, 7, 6, 3, 0]
[6, 0, 5, 2, 0]
[0, 0, 4, 3, 0]
[0, 0, 0, 2, 0]
[0, 0, 0, 3, 0]
[5, 6]
Score: 774

[11, 10, 9, 6, 2]
[9, 6, 7, 5, 0]
[8, 7, 6, 3, 0]
[7, 0, 4, 2, 0]
[0, 0, 0, 3, 0]
[0, 0, 0, 2, 0]
[0, 0, 0, 3, 0]
[6, 4]
Score: 787

[11, 10, 9, 6, 2]
[9, 6, 7, 5, 0]
[8, 7, 6, 3, 0]
[7, 0, 4, 2, 0]
[6, 0, 0, 3, 0]
[0, 0, 0, 2, 0]
[0, 0, 0, 3, 0]
[4, 3]
Score: 787

[11, 10, 9, 6, 2]
[9, 6, 7, 5, 0]
[8, 7, 6, 3, 0]
[7, 0, 5, 2, 0]
[6, 0, 0, 3, 0]
[0, 0, 0, 2, 0]
[0, 0, 0, 3, 0]
[3, 4]
Score: 792

[11, 10, 9, 6, 2]
[9, 6, 7, 5, 3]
[8, 7, 6, 3, 0]
[7, 0, 5, 2, 0]
[6, 0, 0, 3, 0]
[0, 0, 0, 2, 0]
[0, 0, 0, 3, 0]
[4, 3]
Score: 792

[11, 10, 9, 6, 2]
[9, 6, 7, 5, 3]
[8, 7, 6, 3, 0]
[7, 0, 5, 2, 0]
[6, 0, 4, 3, 0]
[0, 0, 0, 2, 0]
[0, 0, 0, 3, 0]
[3, 2]
Score: 792

[11, 10, 9, 6, 2]
[9, 6, 7, 2, 6]
[8, 7, 6, 3, 0]
[7, 0, 5, 2, 0]
[6, 0, 4, 3, 0]
[0, 0, 0, 0, 0]
[0, 0, 0, 0, 0]
[2, 6]
Score: 797

[11, 10, 9, 6, 2]
[9, 6, 7, 2, 6]
[8, 7, 6, 3, 0]
[7, 0, 5, 2, 0]
[6, 0, 4, 3, 0]
[0, 0, 0, 2, 0]
[0, 0, 0, 0, 0]
[6, 5]
Score: 797

[11, 10, 9, 6, 2]
[10, 6, 7, 2, 6]
[0, 7, 6, 3, 0]
[0, 0, 5, 2, 0]
[0, 0, 4, 3, 0]
[0, 0, 0, 2, 0]
[0, 0, 0, 0, 0]
[5, 2]
Score: 831

[11, 10, 9, 6, 2]
[10, 6, 7, 2, 6]
[0, 7, 6, 3, 0]
[0, 6, 4, 2, 0]
[0, 0, 0, 3, 0]
[0, 0, 0, 2, 0]
[0, 0, 0, 0, 0]
[2, 5]
Score: 837

[11, 10, 9, 6, 2]
[10, 6, 7, 2, 6]
[0, 7, 6, 3, 0]
[0, 6, 4, 2, 0]
[0, 0, 0, 4, 0]
[0, 0, 0, 0, 0]
[0, 0, 0, 0, 0]
[5, 6]
Score: 844

[11, 10, 9, 6, 2]
[10, 6, 7, 2, 6]
[0, 7, 6, 3, 0]
[0, 6, 4, 2, 0]
[0, 5, 0, 4, 0]
[0, 0, 0, 0, 0]
[0, 0, 0, 0, 0]
[6, 6]
Score: 844

[11, 10, 9, 6, 2]
[10, 6, 7, 2, 6]
[6, 7, 6, 3, 0]
[0, 6, 4, 2, 0]
[0, 5, 0, 4, 0]
[0, 0, 0, 0, 0]
[0, 0, 0, 0, 0]
[6, 3]
Score: 844

[11, 10, 9, 6, 2]
[10, 6, 7, 2, 6]
[8, 7, 6, 3, 0]
[0, 5, 4, 2, 0]
[0, 0, 0, 4, 0]
[0, 0, 0, 0, 0]
[0, 0, 0, 0, 0]
[3, 2]
Score: 860

[11, 10, 9, 6, 2]
[10, 6, 7, 2, 6]
[8, 7, 6, 3, 0]
[0, 5, 4, 2, 0]
[0, 0, 0, 4, 0]
[0, 0, 0, 3, 0]
[0, 0, 0, 0, 0]
[2, 3]
Score: 860

[11, 10, 9, 6, 2]
[10, 6, 7, 2, 6]
[8, 7, 6, 3, 0]
[0, 5, 4, 2, 0]
[0, 0, 0, 4, 0]
[0, 0, 0, 3, 0]
[0, 0, 0, 2, 0]
[3, 2]
Score: 860

[11, 10, 9, 6, 2]
[10, 6, 7, 4, 6]
[8, 7, 6, 2, 4]
[0, 6, 0, 0, 0]
[0, 0, 0, 0, 0]
[0, 0, 0, 0, 0]
[0, 0, 0, 0, 0]
[2, 1]
Score: 878

[11, 10, 9, 6, 2]
[10, 6, 7, 4, 6]
[8, 7, 6, 3, 4]
[0, 6, 0, 0, 0]
[0, 0, 0, 0, 0]
[0, 0, 0, 0, 0]
[0, 0, 0, 0, 0]
[1, 3]
Score: 881

[11, 10, 9, 6, 2]
[10, 6, 7, 4, 6]
[8, 7, 6, 3, 4]
[0, 6, 0, 0, 1]
[0, 0, 0, 0, 0]
[0, 0, 0, 0, 0]
[0, 0, 0, 0, 0]
[3, 2]
Score: 881

[11, 10, 9, 6, 2]
[10, 0, 8, 0, 6]
[9, 0, 0, 0, 1]
[0, 0, 0, 0, 0]
[0, 0, 0, 0, 0]
[0, 0, 0, 0, 0]
[0, 0, 0, 0, 0]
[2, 5]
Score: 928

[11, 10, 9, 6, 2]
[10, 0, 8, 2, 6]
[9, 0, 0, 0, 1]
[0, 0, 0, 0, 0]
[0, 0, 0, 0, 0]
[0, 0, 0, 0, 0]
[0, 0, 0, 0, 0]
[5, 6]
Score: 928

[11, 10, 9, 6, 2]
[10, 5, 8, 2, 6]
[9, 0, 0, 0, 1]
[0, 0, 0, 0, 0]
[0, 0, 0, 0, 0]
[0, 0, 0, 0, 0]
[0, 0, 0, 0, 0]
[6, 5]
Score: 928

[11, 10, 9, 6, 2]
[10, 5, 8, 2, 6]
[9, 0, 0, 0, 1]
[6, 0, 0, 0, 0]
[0, 0, 0, 0, 0]
[0, 0, 0, 0, 0]
[0, 0, 0, 0, 0]
[5, 2]
Score: 928

[11, 10, 9, 6, 2]
[10, 6, 8, 2, 6]
[9, 0, 0, 0, 1]
[6, 0, 0, 0, 0]
[0, 0, 0, 0, 0]
[0, 0, 0, 0, 0]
[0, 0, 0, 0, 0]
[2, 3]
Score: 934

[11, 10, 9, 6, 2]
[10, 6, 8, 3, 6]
[9, 0, 0, 0, 1]
[6, 0, 0, 0, 0]
[0, 0, 0, 0, 0]
[0, 0, 0, 0, 0]
[0, 0, 0, 0, 0]
[3, 3]
Score: 937

[11, 10, 9, 6, 2]
[10, 6, 8, 4, 6]
[9, 0, 0, 0, 1]
[6, 0, 0, 0, 0]
[0, 0, 0, 0, 0]
[0, 0, 0, 0, 0]
[0, 0, 0, 0, 0]
[3, 4]
Score: 941

[11, 10, 9, 6, 2]
[10, 6, 8, 4, 6]
[9, 0, 0, 3, 1]
[6, 0, 0, 0, 0]
[0, 0, 0, 0, 0]
[0, 0, 0, 0, 0]
[0, 0, 0, 0, 0]
[4, 4]
Score: 941

[11, 10, 9, 6, 2]
[10, 6, 8, 4, 6]
[9, 0, 4, 3, 1]
[6, 0, 0, 0, 0]
[0, 0, 0, 0, 0]
[0, 0, 0, 0, 0]
[0, 0, 0, 0, 0]
[4, 4]
Score: 941

[11, 10, 9, 6, 2]
[10, 6, 8, 4, 6]
[9, 0, 5, 3, 1]
[6, 0, 0, 0, 0]
[0, 0, 0, 0, 0]
[0, 0, 0, 0, 0]
[0, 0, 0, 0, 0]
[4, 6]
Score: 946

[11, 10, 9, 6, 2]
[10, 6, 8, 4, 6]
[9, 0, 5, 3, 1]
[6, 0, 4, 0, 0]
[0, 0, 0, 0, 0]
[0, 0, 0, 0, 0]
[0, 0, 0, 0, 0]
[6, 6]
Score: 946

[11, 10, 9, 6, 2]
[10, 6, 8, 4, 6]
[9, 0, 5, 3, 1]
[7, 0, 4, 0, 0]
[0, 0, 0, 0, 0]
[0, 0, 0, 0, 0]
[0, 0, 0, 0, 0]
[6, 2]
Score: 953

[11, 10, 9, 6, 2]
[10, 6, 8, 4, 6]
[9, 0, 5, 3, 1]
[7, 0, 4, 0, 0]
[6, 0, 0, 0, 0]
[0, 0, 0, 0, 0]
[0, 0, 0, 0, 0]
[2, 4]
Score: 953

[11, 10, 9, 6, 2]
[10, 6, 8, 4, 6]
[9, 0, 5, 3, 1]
[7, 0, 4, 2, 0]
[6, 0, 0, 0, 0]
[0, 0, 0, 0, 0]
[0, 0, 0, 0, 0]
[4, 3]
Score: 953

[11, 10, 9, 6, 2]
[10, 6, 8, 4, 6]
[9, 0, 6, 3, 1]
[7, 0, 0, 2, 0]
[6, 0, 0, 0, 0]
[0, 0, 0, 0, 0]
[0, 0, 0, 0, 0]
[3, 6]
Score: 964

[11, 10, 9, 6, 2]
[10, 6, 8, 4, 6]
[9, 0, 6, 3, 1]
[7, 0, 0, 2, 0]
[6, 0, 0, 3, 0]
[0, 0, 0, 0, 0]
[0, 0, 0, 0, 0]
[6, 6]
Score: 964

[11, 10, 9, 6, 2]
[10, 6, 8, 4, 6]
[9, 0, 6, 3, 1]
[8, 0, 0, 2, 0]
[0, 0, 0, 3, 0]
[0, 0, 0, 0, 0]
[0, 0, 0, 0, 0]
[6, 1]
Score: 979

[11, 10, 9, 6, 2]
[10, 6, 8, 4, 6]
[9, 0, 6, 3, 1]
[8, 0, 0, 2, 0]
[6, 0, 0, 3, 0]
[0, 0, 0, 0, 0]
[0, 0, 0, 0, 0]
[1, 6]
Score: 979

[11, 10, 9, 6, 2]
[10, 6, 8, 4, 6]
[9, 0, 6, 3, 0]
[8, 0, 0, 4, 0]
[6, 0, 0, 0, 0]
[0, 0, 0, 0, 0]
[0, 0, 0, 0, 0]
[6, 5]
Score: 988

[11, 10, 9, 6, 2]
[10, 6, 8, 4, 6]
[9, 0, 6, 3, 0]
[8, 0, 0, 4, 0]
[7, 0, 0, 0, 0]
[0, 0, 0, 0, 0]
[0, 0, 0, 0, 0]
[5, 6]
Score: 995

[11, 10, 9, 6, 2]
[10, 6, 8, 4, 6]
[9, 5, 6, 3, 0]
[8, 0, 0, 4, 0]
[7, 0, 0, 0, 0]
[0, 0, 0, 0, 0]
[0, 0, 0, 0, 0]
[6, 3]
Score: 995

[11, 10, 9, 6, 2]
[10, 6, 8, 4, 6]
[9, 5, 6, 3, 0]
[8, 0, 0, 4, 0]
[7, 0, 0, 0, 0]
[6, 0, 0, 0, 0]
[0, 0, 0, 0, 0]
[3, 1]
Score: 995

[11, 10, 9, 6, 2]
[10, 6, 8, 4, 6]
[9, 5, 6, 3, 0]
[8, 0, 0, 4, 0]
[7, 0, 0, 3, 0]
[6, 0, 0, 0, 0]
[0, 0, 0, 0, 0]
[1, 4]
Score: 995

[11, 10, 9, 6, 2]
[10, 6, 8, 4, 6]
[9, 5, 6, 3, 1]
[8, 0, 0, 4, 0]
[7, 0, 0, 3, 0]
[6, 0, 0, 0, 0]
[0, 0, 0, 0, 0]
[4, 2]
Score: 995

[11, 10, 9, 6, 2]
[10, 6, 8, 5, 6]
[9, 5, 6, 0, 1]
[8, 0, 5, 0, 0]
[7, 0, 0, 0, 0]
[6, 0, 0, 0, 0]
[0, 0, 0, 0, 0]
[2, 2]
Score: 1009

[11, 10, 9, 6, 2]
[10, 6, 8, 5, 6]
[9, 5, 6, 2, 1]
[8, 0, 5, 0, 0]
[7, 0, 0, 0, 0]
[6, 0, 0, 0, 0]
[0, 0, 0, 0, 0]
[2, 2]
Score: 1009

[11, 10, 9, 6, 2]
[10, 6, 8, 5, 6]
[9, 5, 6, 3, 1]
[8, 0, 5, 0, 0]
[7, 0, 0, 0, 0]
[6, 0, 0, 0, 0]
[0, 0, 0, 0, 0]
[2, 1]
Score: 1012

[11, 10, 9, 6, 2]
[10, 6, 8, 5, 6]
[9, 5, 6, 3, 1]
[8, 0, 5, 2, 0]
[7, 0, 0, 0, 0]
[6, 0, 0, 0, 0]
[0, 0, 0, 0, 0]
[1, 4]
Score: 1012

[11, 10, 9, 6, 2]
[10, 6, 8, 5, 6]
[9, 5, 6, 4, 0]
[8, 0, 5, 0, 0]
[7, 0, 0, 0, 0]
[6, 0, 0, 0, 0]
[0, 0, 0, 0, 0]
[4, 3]
Score: 1021

[11, 10, 9, 6, 2]
[10, 6, 8, 5, 6]
[9, 5, 6, 4, 0]
[8, 0, 5, 0, 0]
[7, 0, 4, 0, 0]
[6, 0, 0, 0, 0]
[0, 0, 0, 0, 0]
[3, 4]
Score: 1021

[11, 10, 9, 6, 2]
[10, 6, 8, 5, 6]
[9, 5, 6, 4, 0]
[8, 0, 5, 3, 0]
[7, 0, 4, 0, 0]
[6, 0, 0, 0, 0]
[0, 0, 0, 0, 0]
[4, 3]
Score: 1021

[11, 10, 9, 6, 2]
[10, 6, 8, 5, 6]
[9, 5, 7, 4, 0]
[8, 0, 0, 3, 0]
[7, 0, 0, 0, 0]
[6, 0, 0, 0, 0]
[0, 0, 0, 0, 0]
[3, 3]
Score: 1039

[11, 5, 6, 0, 1]
[9, 4, 0, 0, 0]
[8, 0, 0, 0, 0]
[7, 0, 0, 0, 0]
[6, 0, 0, 0, 0]
[5, 0, 0, 0, 0]
[0, 0, 0, 0, 0]
[3, 1]
Score: 1212

[11, 5, 6, 3, 1]
[9, 4, 0, 0, 0]
[8, 0, 0, 0, 0]
[7, 0, 0, 0, 0]
[6, 0, 0, 0, 0]
[5, 0, 0, 0, 0]
[0, 0, 0, 0, 0]
[1, 4]
Score: 1212

[11, 5, 6, 3, 2]
[9, 4, 0, 0, 0]
[8, 0, 0, 0, 0]
[7, 0, 0, 0, 0]
[6, 0, 0, 0, 0]
[5, 0, 0, 0, 0]
[0, 0, 0, 0, 0]
[4, 2]
Score: 1214

[11, 5, 6, 3, 2]
[9, 0, 5, 0, 0]
[8, 0, 0, 0, 0]
[7, 0, 0, 0, 0]
[6, 0, 0, 0, 0]
[5, 0, 0, 0, 0]
[0, 0, 0, 0, 0]
[2, 4]
Score: 1214

[11, 5, 6, 3, 2]
[9, 0, 5, 2, 0]
[8, 0, 0, 0, 0]
[7, 0, 0, 0, 0]
[6, 0, 0, 0, 0]
[5, 0, 0, 0, 0]
[0, 0, 0, 0, 0]
[4, 6]
Score: 1214

[11, 5, 6, 3, 2]
[9, 0, 5, 2, 0]
[8, 0, 4, 0, 0]
[7, 0, 0, 0, 0]
[6, 0, 0, 0, 0]
[5, 0, 0, 0, 0]
[0, 0, 0, 0, 0]
[6, 4]
Score: 1214

[11, 5, 6, 3, 2]
[9, 0, 5, 2, 0]
[8, 0, 4, 0, 0]
[7, 0, 0, 0, 0]
[6, 0, 0, 0, 0]
[5, 0, 0, 0, 0]
[6, 0, 0, 0, 0]
[4, 2]
Score: 1214

[11, 5, 7, 3, 2]
[9, 0, 0, 2, 0]
[8, 0, 0, 0, 0]
[7, 0, 0, 0, 0]
[6, 0, 0, 0, 0]
[5, 0, 0, 0, 0]
[6, 0, 0, 0, 0]
[2, 2]
Score: 1232

[11, 5, 7, 4, 2]
[9, 0, 0, 0, 0]
[8, 0, 0, 0, 0]
[7, 0, 0, 0, 0]
[6, 0, 0, 0, 0]
[5, 0, 0, 0, 0]
[6, 0, 0, 0, 0]
[2, 6]
Score: 1239

[11, 5, 7, 4, 2]
[9, 0, 0, 2, 0]
[8, 0, 0, 0, 0]
[7, 0, 0, 0, 0]
[6, 0, 0, 0, 0]
[5, 0, 0, 0, 0]
[6, 0, 0, 0, 0]
[6, 5]
Score: 1239

[11, 5, 7, 4, 2]
[9, 6, 0, 2, 0]
[8, 0, 0, 0, 0]
[7, 0, 0, 0, 0]
[6, 0, 0, 0, 0]
[5, 0, 0, 0, 0]
[6, 0, 0, 0, 0]
[5, 3]
Score: 1239

[11, 5, 7, 4, 2]
[9, 6, 0, 2, 0]
[8, 5, 0, 0, 0]
[7, 0, 0, 0, 0]
[6, 0, 0, 0, 0]
[5, 0, 0, 0, 0]
[6, 0, 0, 0, 0]
[3, 1]
Score: 1239

[11, 5, 7, 4, 2]
[9, 6, 0, 2, 0]
[8, 5, 0, 3, 0]
[7, 0, 0, 0, 0]
[6, 0, 0, 0, 0]
[5, 0, 0, 0, 0]
[6, 0, 0, 0, 0]
[1, 4]
Score: 1239

[11, 5, 7, 4, 2]
[9, 6, 0, 2, 1]
[8, 5, 0, 3, 0]
[7, 0, 0, 0, 0]
[6, 0, 0, 0, 0]
[5, 0, 0, 0, 0]
[6, 0, 0, 0, 0]
[4, 3]
Score: 1239

[11, 5, 7, 4, 2]
[9, 6, 4, 2, 1]
[8, 5, 0, 3, 0]
[7, 0, 0, 0, 0]
[6, 0, 0, 0, 0]
[5, 0, 0, 0, 0]
[6, 0, 0, 0, 0]
[3, 1]
Score: 1239

[11, 5, 7, 4, 2]
[9, 6, 4, 2, 1]
[8, 5, 0, 4, 0]
[7, 0, 0, 0, 0]
[6, 0, 0, 0, 0]
[5, 0, 0, 0, 0]
[6, 0, 0, 0, 0]
[1, 4]
Score: 1243

[11, 5, 7, 0, 5]
[9, 6, 5, 0, 0]
[8, 5, 0, 0, 0]
[7, 0, 0, 0, 0]
[6, 0, 0, 0, 0]
[5, 0, 0, 0, 0]
[6, 0, 0, 0, 0]
[4, 3]
Score: 1254

[11, 5, 7, 0, 5]
[9, 6, 5, 0, 0]
[8, 5, 4, 0, 0]
[7, 0, 0, 0, 0]
[6, 0, 0, 0, 0]
[5, 0, 0, 0, 0]
[6, 0, 0, 0, 0]
[3, 4]
Score: 1254

[11, 5, 7, 3, 5]
[9, 6, 5, 0, 0]
[8, 5, 4, 0, 0]
[7, 0, 0, 0, 0]
[6, 0, 0, 0, 0]
[5, 0, 0, 0, 0]
[6, 0, 0, 0, 0]
[4, 4]
Score: 1254

[11, 5, 8, 3, 5]
[9, 6, 0, 0, 0]
[8, 0, 0, 0, 0]
[7, 0, 0, 0, 0]
[6, 0, 0, 0, 0]
[5, 0, 0, 0, 0]
[6, 0, 0, 0, 0]
[4, 6]
Score: 1274

[11, 5, 8, 3, 5]
[9, 6, 4, 0, 0]
[8, 0, 0, 0, 0]
[7, 0, 0, 0, 0]
[6, 0, 0, 0, 0]
[5, 0, 0, 0, 0]
[6, 0, 0, 0, 0]
[6, 6]
Score: 1274

[11, 5, 8, 3, 5]
[9, 7, 4, 0, 0]
[8, 0, 0, 0, 0]
[7, 0, 0, 0, 0]
[6, 0, 0, 0, 0]
[5, 0, 0, 0, 0]
[6, 0, 0, 0, 0]
[6, 5]
Score: 1281

[11, 5, 8, 3, 5]
[9, 7, 4, 0, 0]
[8, 6, 0, 0, 0]
[7, 0, 0, 0, 0]
[6, 0, 0, 0, 0]
[5, 0, 0, 0, 0]
[6, 0, 0, 0, 0]
[5, 1]
Score: 1281

[11, 5, 8, 3, 5]
[9, 7, 4, 0, 0]
[8, 6, 0, 0, 0]
[7, 5, 0, 0, 0]
[6, 0, 0, 0, 0]
[5, 0, 0, 0, 0]
[6, 0, 0, 0, 0]
[1, 6]
Score: 1281

[11, 5, 8, 3, 5]
[9, 7, 4, 0, 1]
[8, 6, 0, 0, 0]
[7, 5, 0, 0, 0]
[6, 0, 0, 0, 0]
[5, 0, 0, 0, 0]
[6, 0, 0, 0, 0]
[6, 1]
Score: 1281

[11, 5, 8, 3, 5]
[9, 7, 4, 0, 1]
[8, 6, 0, 0, 0]
[7, 5, 0, 0, 0]
[5, 7, 0, 0, 0]
[6, 0, 0, 0, 0]
[0, 0, 0, 0, 0]
[1, 1]
Score: 1281

[11, 5, 8, 3, 5]
[9, 7, 4, 0, 2]
[8, 6, 0, 0, 0]
[7, 5, 0, 0, 0]
[5, 7, 0, 0, 0]
[6, 0, 0, 0, 0]
[0, 0, 0, 0, 0]
[1, 3]
Score: 1283

[11, 5, 8, 3, 5]
[9, 7, 4, 0, 2]
[8, 6, 0, 0, 1]
[7, 5, 0, 0, 0]
[5, 7, 0, 0, 0]
[6, 0, 0, 0, 0]
[0, 0, 0, 0, 0]
[3, 2]
Score: 1283

[11, 5, 8, 0, 5]
[9, 7, 5, 0, 2]
[8, 6, 0, 0, 1]
[7, 5, 0, 0, 0]
[5, 7, 0, 0, 0]
[6, 0, 0, 0, 0]
[0, 0, 0, 0, 0]
[2, 4]
Score: 1292

[11, 5, 8, 2, 5]
[9, 7, 5, 0, 2]
[8, 6, 0, 0, 1]
[7, 5, 0, 0, 0]
[5, 7, 0, 0, 0]
[6, 0, 0, 0, 0]
[0, 0, 0, 0, 0]
[4, 5]
Score: 1292

[11, 5, 8, 2, 5]
[9, 7, 5, 0, 2]
[8, 6, 4, 0, 1]
[7, 5, 0, 0, 0]
[5, 7, 0, 0, 0]
[6, 0, 0, 0, 0]
[0, 0, 0, 0, 0]
[5, 5]
Score: 1292

[11, 5, 8, 2, 5]
[9, 7, 5, 0, 2]
[8, 6, 4, 0, 1]
[7, 5, 0, 0, 0]
[5, 7, 0, 0, 0]
[6, 5, 0, 0, 0]
[0, 0, 0, 0, 0]
[5, 6]
Score: 1292

[11, 5, 8, 2, 5]
[9, 7, 5, 0, 2]
[8, 6, 4, 0, 1]
[7, 5, 0, 0, 0]
[5, 8, 0, 0, 0]
[0, 0, 0, 0, 0]
[0, 0, 0, 0, 0]
[6, 6]
Score: 1306

[11, 5, 8, 2, 5]
[9, 7, 5, 0, 2]
[8, 6, 4, 0, 1]
[7, 5, 0, 0, 0]
[5, 8, 0, 0, 0]
[6, 0, 0, 0, 0]
[0, 0, 0, 0, 0]
[6, 3]
Score: 1306

[11, 5, 8, 2, 5]
[9, 7, 5, 0, 2]
[8, 6, 4, 0, 1]
[7, 5, 0, 0, 0]
[5, 8, 0, 0, 0]
[7, 0, 0, 0, 0]
[0, 0, 0, 0, 0]
[3, 6]
Score: 1313

[11, 5, 8, 2, 5]
[9, 7, 5, 3, 2]
[8, 6, 4, 0, 1]
[7, 5, 0, 0, 0]
[5, 8, 0, 0, 0]
[7, 0, 0, 0, 0]
[0, 0, 0, 0, 0]
[6, 4]
Score: 1313

[11, 5, 8, 2, 5]
[9, 7, 5, 3, 2]
[8, 6, 4, 0, 1]
[7, 5, 0, 0, 0]
[5, 8, 0, 0, 0]
[7, 0, 0, 0, 0]
[6, 0, 0, 0, 0]
[4, 6]
Score: 1313

[11, 5, 8, 2, 5]
[10, 8, 5, 3, 2]
[7, 0, 0, 0, 1]
[5, 0, 0, 0, 0]
[7, 0, 0, 0, 0]
[6, 0, 0, 0, 0]
[0, 0, 0, 0, 0]
[6, 5]
Score: 1358

[11, 5, 8, 2, 5]
[10, 8, 5, 3, 2]
[7, 0, 0, 0, 1]
[5, 0, 0, 0, 0]
[8, 0, 0, 0, 0]
[0, 0, 0, 0, 0]
[0, 0, 0, 0, 0]
[5, 1]
Score: 1373

[11, 5, 8, 2, 5]
[10, 8, 5, 3, 2]
[7, 5, 0, 0, 1]
[5, 0, 0, 0, 0]
[8, 0, 0, 0, 0]
[0, 0, 0, 0, 0]
[0, 0, 0, 0, 0]
[1, 1]
Score: 1373

[11, 5, 8, 2, 5]
[10, 8, 5, 0, 4]
[7, 5, 0, 0, 0]
[5, 0, 0, 0, 0]
[8, 0, 0, 0, 0]
[0, 0, 0, 0, 0]
[0, 0, 0, 0, 0]
[1, 3]
Score: 1378

[11, 5, 8, 2, 5]
[10, 8, 5, 0, 4]
[7, 5, 0, 0, 1]
[5, 0, 0, 0, 0]
[8, 0, 0, 0, 0]
[0, 0, 0, 0, 0]
[0, 0, 0, 0, 0]
[3, 4]
Score: 1378

[11, 5, 8, 2, 5]
[10, 8, 5, 3, 4]
[7, 5, 0, 0, 1]
[5, 0, 0, 0, 0]
[8, 0, 0, 0, 0]
[0, 0, 0, 0, 0]
[0, 0, 0, 0, 0]
[4, 4]
Score: 1378

[11, 5, 8, 2, 5]
[10, 8, 5, 3, 4]
[7, 5, 4, 0, 1]
[5, 0, 0, 0, 0]
[8, 0, 0, 0, 0]
[0, 0, 0, 0, 0]
[0, 0, 0, 0, 0]
[4, 1]
Score: 1378

[11, 5, 8, 2, 5]
[10, 8, 7, 3, 4]
[7, 0, 0, 0, 1]
[5, 0, 0, 0, 0]
[8, 0, 0, 0, 0]
[0, 0, 0, 0, 0]
[0, 0, 0, 0, 0]
[1, 5]
Score: 1390

[11, 5, 8, 2, 5]
[10, 8, 7, 3, 4]
[7, 0, 0, 0, 2]
[5, 0, 0, 0, 0]
[8, 0, 0, 0, 0]
[0, 0, 0, 0, 0]
[0, 0, 0, 0, 0]
[5, 2]
Score: 1392

[11, 5, 8, 2, 5]
[10, 8, 7, 3, 4]
[7, 5, 0, 0, 2]
[5, 0, 0, 0, 0]
[8, 0, 0, 0, 0]
[0, 0, 0, 0, 0]
[0, 0, 0, 0, 0]
[2, 6]
Score: 1392

[11, 5, 8, 2, 6]
[10, 8, 7, 0, 0]
[7, 5, 0, 0, 0]
[5, 0, 0, 0, 0]
[8, 0, 0, 0, 0]
[0, 0, 0, 0, 0]
[0, 0, 0, 0, 0]
[6, 5]
Score: 1405

[11, 5, 8, 2, 6]
[10, 8, 7, 0, 0]
[7, 5, 0, 0, 0]
[5, 0, 0, 0, 0]
[8, 0, 0, 0, 0]
[6, 0, 0, 0, 0]
[0, 0, 0, 0, 0]
[5, 2]
Score: 1405

[11, 5, 8, 2, 6]
[10, 9, 7, 0, 0]
[8, 0, 0, 0, 0]
[6, 0, 0, 0, 0]
[0, 0, 0, 0, 0]
[0, 0, 0, 0, 0]
[0, 0, 0, 0, 0]
[2, 6]
Score: 1421

[11, 5, 8, 3, 6]
[10, 9, 7, 0, 0]
[8, 0, 0, 0, 0]
[6, 0, 0, 0, 0]
[0, 0, 0, 0, 0]
[0, 0, 0, 0, 0]
[0, 0, 0, 0, 0]
[6, 6]
Score: 1424

[11, 5, 8, 3, 6]
[10, 9, 7, 0, 0]
[8, 0, 0, 0, 0]
[7, 0, 0, 0, 0]
[0, 0, 0, 0, 0]
[0, 0, 0, 0, 0]
[0, 0, 0, 0, 0]
[6, 3]
Score: 1431

[11, 5, 8, 3, 6]
[10, 9, 7, 0, 0]
[8, 0, 0, 0, 0]
[7, 0, 0, 0, 0]
[6, 0, 0, 0, 0]
[0, 0, 0, 0, 0]
[0, 0, 0, 0, 0]
[3, 1]
Score: 1431

[11, 5, 8, 4, 6]
[10, 9, 7, 0, 0]
[8, 0, 0, 0, 0]
[7, 0, 0, 0, 0]
[6, 0, 0, 0, 0]
[0, 0, 0, 0, 0]
[0, 0, 0, 0, 0]
[1, 3]
Score: 1435

[11, 5, 8, 4, 6]
[10, 9, 7, 0, 1]
[8, 0, 0, 0, 0]
[7, 0, 0, 0, 0]
[6, 0, 0, 0, 0]
[0, 0, 0, 0, 0]
[0, 0, 0, 0, 0]
[3, 3]
Score: 1435

[11, 5, 8, 4, 6]
[10, 9, 7, 3, 1]
[8, 0, 0, 0, 0]
[7, 0, 0, 0, 0]
[6, 0, 0, 0, 0]
[0, 0, 0, 0, 0]
[0, 0, 0, 0, 0]
[3, 3]
Score: 1435

[11, 5, 8, 5, 6]
[10, 9, 7, 0, 1]
[8, 0, 0, 0, 0]
[7, 0, 0, 0, 0]
[6, 0, 0, 0, 0]
[0, 0, 0, 0, 0]
[0, 0, 0, 0, 0]
[3, 2]
Score: 1444

[11, 5, 8, 5, 6]
[10, 9, 7, 3, 1]
[8, 0, 0, 0, 0]
[7, 0, 0, 0, 0]
[6, 0, 0, 0, 0]
[0, 0, 0, 0, 0]
[0, 0, 0, 0, 0]
[2, 5]
Score: 1444

[11, 5, 8, 5, 6]
[10, 9, 7, 3, 1]
[8, 0, 0, 2, 0]
[7, 0, 0, 0, 0]
[6, 0, 0, 0, 0]
[0, 0, 0, 0, 0]
[0, 0, 0, 0, 0]
[5, 6]
Score: 1444

[11, 5, 8, 5, 6]
[10, 9, 7, 3, 1]
[8, 5, 0, 2, 0]
[7, 0, 0, 0, 0]
[6, 0, 0, 0, 0]
[0, 0, 0, 0, 0]
[0, 0, 0, 0, 0]
[6, 6]
Score: 1444

[11, 5, 8, 5, 6]
[10, 9, 7, 3, 1]
[9, 5, 0, 2, 0]
[0, 0, 0, 0, 0]
[0, 0, 0, 0, 0]
[0, 0, 0, 0, 0]
[0, 0, 0, 0, 0]
[6, 2]
Score: 1468

[11, 5, 8, 5, 6]
[10, 9, 7, 3, 1]
[9, 5, 0, 2, 0]
[6, 0, 0, 0, 0]
[0, 0, 0, 0, 0]
[0, 0, 0, 0, 0]
[0, 0, 0, 0, 0]
[2, 2]
Score: 1468

[11, 5, 8, 5, 6]
[10, 9, 7, 4, 1]
[9, 5, 0, 0, 0]
[6, 0, 0, 0, 0]
[0, 0, 0, 0, 0]
[0, 0, 0, 0, 0]
[0, 0, 0, 0, 0]
[2, 5]
Score: 1475

[11, 5, 8, 5, 6]
[10, 9, 7, 4, 1]
[9, 5, 0, 2, 0]
[6, 0, 0, 0, 0]
[0, 0, 0, 0, 0]
[0, 0, 0, 0, 0]
[0, 0, 0, 0, 0]
[5, 2]
Score: 1475

[11, 5, 8, 5, 6]
[10, 9, 7, 4, 1]
[9, 0, 0, 2, 0]
[7, 0, 0, 0, 0]
[0, 0, 0, 0, 0]
[0, 0, 0, 0, 0]
[0, 0, 0, 0, 0]
[2, 3]
Score: 1488

[11, 5, 8, 5, 6]
[10, 9, 7, 4, 1]
[9, 0, 0, 3, 0]
[7, 0, 0, 0, 0]
[0, 0, 0, 0, 0]
[0, 0, 0, 0, 0]
[0, 0, 0, 0, 0]
[3, 4]
Score: 1491

[11, 5, 8, 7, 1]
[10, 9, 7, 0, 0]
[9, 0, 0, 0, 0]
[7, 0, 0, 0, 0]
[0, 0, 0, 0, 0]
[0, 0, 0, 0, 0]
[0, 0, 0, 0, 0]
[4, 2]
Score: 1513

[11, 5, 8, 7, 1]
[10, 9, 7, 0, 0]
[9, 0, 4, 0, 0]
[7, 0, 0, 0, 0]
[0, 0, 0, 0, 0]
[0, 0, 0, 0, 0]
[0, 0, 0, 0, 0]
[2, 1]
Score: 1513

[11, 5, 8, 7, 1]
[10, 9, 7, 2, 0]
[9, 0, 4, 0, 0]
[7, 0, 0, 0, 0]
[0, 0, 0, 0, 0]
[0, 0, 0, 0, 0]
[0, 0, 0, 0, 0]
[1, 6]
Score: 1513

[11, 5, 8, 7, 0]
[10, 9, 7, 3, 0]
[9, 0, 4, 0, 0]
[7, 0, 0, 0, 0]
[0, 0, 0, 0, 0]
[0, 0, 0, 0, 0]
[0, 0, 0, 0, 0]
[6, 4]
Score: 1518

[11, 5, 8, 7, 0]
[10, 9, 7, 3, 0]
[9, 0, 4, 0, 0]
[7, 0, 0, 0, 0]
[6, 0, 0, 0, 0]
[0, 0, 0, 0, 0]
[0, 0, 0, 0, 0]
[4, 5]
Score: 1518

[11, 5, 8, 7, 0]
[10, 9, 7, 3, 0]
[9, 0, 5, 0, 0]
[7, 0, 0, 0, 0]
[6, 0, 0, 0, 0]
[0, 0, 0, 0, 0]
[0, 0, 0, 0, 0]
[5, 6]
Score: 1523

[11, 5, 8, 7, 0]
[10, 9, 7, 3, 0]
[9, 6, 0, 0, 0]
[7, 0, 0, 0, 0]
[6, 0, 0, 0, 0]
[0, 0, 0, 0, 0]
[0, 0, 0, 0, 0]
[6, 4]
Score: 1529

[11, 5, 8, 7, 0]
[10, 9, 7, 3, 0]
[9, 6, 0, 0, 0]
[8, 0, 0, 0, 0]
[0, 0, 0, 0, 0]
[0, 0, 0, 0, 0]
[0, 0, 0, 0, 0]
[4, 6]
Score: 1544

[11, 5, 8, 7, 0]
[10, 9, 7, 3, 0]
[9, 6, 4, 0, 0]
[8, 0, 0, 0, 0]
[0, 0, 0, 0, 0]
[0, 0, 0, 0, 0]
[0, 0, 0, 0, 0]
[6, 5]
Score: 1544

[11, 5, 8, 7, 0]
[10, 9, 7, 3, 0]
[9, 6, 4, 0, 0]
[8, 0, 0, 0, 0]
[6, 0, 0, 0, 0]
[0, 0, 0, 0, 0]
[0, 0, 0, 0, 0]
[5, 6]
Score: 1544

[11, 5, 8, 7, 0]
[10, 9, 7, 3, 0]
[9, 6, 4, 0, 0]
[8, 5, 0, 0, 0]
[6, 0, 0, 0, 0]
[0, 0, 0, 0, 0]
[0, 0, 0, 0, 0]
[6, 5]
Score: 1544

[11, 5, 8, 7, 0]
[10, 9, 7, 3, 0]
[9, 6, 4, 0, 0]
[8, 5, 0, 0, 0]
[7, 0, 0, 0, 0]
[0, 0, 0, 0, 0]
[0, 0, 0, 0, 0]
[5, 6]
Score: 1551

[11, 5, 8, 7, 0]
[10, 9, 7, 3, 0]
[9, 7, 4, 0, 0]
[8, 0, 0, 0, 0]
[7, 0, 0, 0, 0]
[0, 0, 0, 0, 0]
[0, 0, 0, 0, 0]
[6, 5]
Score: 1564

[11, 5, 8, 7, 0]
[10, 9, 7, 3, 0]
[9, 7, 4, 0, 0]
[8, 0, 0, 0, 0]
[7, 0, 0, 0, 0]
[6, 0, 0, 0, 0]
[0, 0, 0, 0, 0]
[5, 6]
Score: 1564

[11, 5, 8, 7, 0]
[10, 9, 7, 3, 0]
[9, 7, 4, 0, 0]
[8, 5, 0, 0, 0]
[7, 0, 0, 0, 0]
[6, 0, 0, 0, 0]
[0, 0, 0, 0, 0]
[6, 1]
Score: 1564

[11, 4, 7, 6, 0]
[0, 8, 6, 2, 0]
[0, 6, 3, 0, 0]
[0, 4, 0, 0, 0]
[0, 0, 0, 0, 0]
[0, 0, 0, 0, 0]
[0, 0, 0, 0, 0]
[1, 6]
Score: 1721

[11, 4, 7, 6, 1]
[0, 8, 6, 2, 0]
[0, 6, 3, 0, 0]
[0, 4, 0, 0, 0]
[0, 0, 0, 0, 0]
[0, 0, 0, 0, 0]
[0, 0, 0, 0, 0]
[6, 3]
Score: 1721

[11, 4, 7, 6, 1]
[6, 8, 6, 2, 0]
[0, 6, 3, 0, 0]
[0, 4, 0, 0, 0]
[0, 0, 0, 0, 0]
[0, 0, 0, 0, 0]
[0, 0, 0, 0, 0]
[3, 2]
Score: 1721

[11, 4, 7, 6, 1]
[6, 8, 6, 2, 0]
[0, 6, 0, 4, 0]
[0, 4, 0, 0, 0]
[0, 0, 0, 0, 0]
[0, 0, 0, 0, 0]
[0, 0, 0, 0, 0]
[2, 1]
Score: 1721

[11, 4, 7, 6, 1]
[6, 8, 6, 2, 0]
[0, 6, 0, 4, 0]
[0, 4, 0, 2, 0]
[0, 0, 0, 0, 0]
[0, 0, 0, 0, 0]
[0, 0, 0, 0, 0]
[1, 6]
Score: 1721

[11, 4, 7, 6, 0]
[6, 8, 6, 3, 0]
[0, 6, 0, 4, 0]
[0, 4, 0, 2, 0]
[0, 0, 0, 0, 0]
[0, 0, 0, 0, 0]
[0, 0, 0, 0, 0]
[6, 1]
Score: 1726

[11, 5, 7, 6, 0]
[9, 0, 6, 3, 0]
[0, 0, 0, 4, 0]
[0, 0, 0, 2, 0]
[0, 0, 0, 0, 0]
[0, 0, 0, 0, 0]
[0, 0, 0, 0, 0]
[1, 6]
Score: 1756

[11, 5, 7, 6, 1]
[9, 0, 6, 3, 0]
[0, 0, 0, 4, 0]
[0, 0, 0, 2, 0]
[0, 0, 0, 0, 0]
[0, 0, 0, 0, 0]
[0, 0, 0, 0, 0]
[6, 1]
Score: 1756

[11, 5, 7, 6, 1]
[9, 0, 6, 3, 0]
[6, 0, 0, 4, 0]
[0, 0, 0, 2, 0]
[0, 0, 0, 0, 0]
[0, 0, 0, 0, 0]
[0, 0, 0, 0, 0]
[1, 2]
Score: 1756

[11, 5, 7, 6, 2]
[9, 0, 6, 3, 0]
[6, 0, 0, 4, 0]
[0, 0, 0, 2, 0]
[0, 0, 0, 0, 0]
[0, 0, 0, 0, 0]
[0, 0, 0, 0, 0]
[2, 4]
Score: 1758

[11, 5, 7, 6, 2]
[9, 0, 6, 3, 0]
[6, 0, 0, 4, 0]
[0, 0, 0, 3, 0]
[0, 0, 0, 0, 0]
[0, 0, 0, 0, 0]
[0, 0, 0, 0, 0]
[4, 2]
Score: 1761

[11, 5, 7, 6, 2]
[9, 0, 6, 4, 0]
[6, 0, 5, 0, 0]
[0, 0, 0, 0, 0]
[0, 0, 0, 0, 0]
[0, 0, 0, 0, 0]
[0, 0, 0, 0, 0]
[2, 5]
Score: 1770

[11, 5, 7, 6, 2]
[9, 0, 6, 4, 0]
[6, 0, 5, 2, 0]
[0, 0, 0, 0, 0]
[0, 0, 0, 0, 0]
[0, 0, 0, 0, 0]
[0, 0, 0, 0, 0]
[5, 2]
Score: 1770

[11, 8, 5, 6, 2]
[9, 0, 0, 4, 0]
[6, 0, 0, 2, 0]
[0, 0, 0, 0, 0]
[0, 0, 0, 0, 0]
[0, 0, 0, 0, 0]
[0, 0, 0, 0, 0]
[2, 4]
Score: 1791

[11, 8, 5, 6, 2]
[9, 0, 0, 4, 0]
[6, 0, 0, 3, 0]
[0, 0, 0, 0, 0]
[0, 0, 0, 0, 0]
[0, 0, 0, 0, 0]
[0, 0, 0, 0, 0]
[4, 2]
Score: 1794

[11, 8, 0, 7, 2]
[9, 0, 0, 3, 0]
[6, 0, 0, 0, 0]
[0, 0, 0, 0, 0]
[0, 0, 0, 0, 0]
[0, 0, 0, 0, 0]
[0, 0, 0, 0, 0]
[2, 6]
Score: 1805

[11, 8, 0, 7, 2]
[9, 0, 0, 3, 0]
[6, 0, 0, 2, 0]
[0, 0, 0, 0, 0]
[0, 0, 0, 0, 0]
[0, 0, 0, 0, 0]
[0, 0, 0, 0, 0]
[6, 2]
Score: 1805

[11, 8, 0, 7, 2]
[9, 0, 0, 3, 0]
[7, 0, 0, 2, 0]
[0, 0, 0, 0, 0]
[0, 0, 0, 0, 0]
[0, 0, 0, 0, 0]
[0, 0, 0, 0, 0]
[2, 6]
Score: 1812

[11, 8, 0, 7, 2]
[9, 0, 0, 4, 0]
[7, 0, 0, 0, 0]
[0, 0, 0, 0, 0]
[0, 0, 0, 0, 0]
[0, 0, 0, 0, 0]
[0, 0, 0, 0, 0]
[6, 1]
Score: 1819

[11, 8, 0, 7, 2]
[9, 0, 0, 4, 0]
[7, 0, 0, 0, 0]
[6, 0, 0, 0, 0]
[0, 0, 0, 0, 0]
[0, 0, 0, 0, 0]
[0, 0, 0, 0, 0]
[1, 3]
Score: 1819

[11, 8, 0, 7, 2]
[9, 0, 0, 4, 1]
[7, 0, 0, 0, 0]
[6, 0, 0, 0, 0]
[0, 0, 0, 0, 0]
[0, 0, 0, 0, 0]
[0, 0, 0, 0, 0]
[3, 5]
Score: 1819

[11, 8, 0, 7, 2]
[9, 0, 0, 4, 1]
[7, 0, 0, 3, 0]
[6, 0, 0, 0, 0]
[0, 0, 0, 0, 0]
[0, 0, 0, 0, 0]
[0, 0, 0, 0, 0]
[5, 4]
Score: 1819

[11, 8, 0, 7, 2]
[9, 5, 0, 4, 1]
[7, 0, 0, 3, 0]
[6, 0, 0, 0, 0]
[0, 0, 0, 0, 0]
[0, 0, 0, 0, 0]
[0, 0, 0, 0, 0]
[4, 5]
Score: 1819

[11, 8, 4, 7, 2]
[9, 5, 0, 4, 1]
[7, 0, 0, 3, 0]
[6, 0, 0, 0, 0]
[0, 0, 0, 0, 0]
[0, 0, 0, 0, 0]
[0, 0, 0, 0, 0]
[5, 1]
Score: 1819

[11, 8, 4, 7, 2]
[9, 6, 0, 4, 1]
[7, 0, 0, 3, 0]
[6, 0, 0, 0, 0]
[0, 0, 0, 0, 0]
[0, 0, 0, 0, 0]
[0, 0, 0, 0, 0]
[1, 3]
Score: 1825

[11, 8, 4, 7, 3]
[9, 6, 0, 4, 0]
[7, 0, 0, 3, 0]
[6, 0, 0, 0, 0]
[0, 0, 0, 0, 0]
[0, 0, 0, 0, 0]
[0, 0, 0, 0, 0]
[3, 3]
Score: 1830

[11, 8, 4, 7, 3]
[9, 6, 0, 5, 0]
[7, 0, 0, 0, 0]
[6, 0, 0, 0, 0]
[0, 0, 0, 0, 0]
[0, 0, 0, 0, 0]
[0, 0, 0, 0, 0]
[3, 1]
Score: 1839

[11, 8, 4, 7, 3]
[9, 6, 0, 5, 0]
[7, 0, 0, 3, 0]
[6, 0, 0, 0, 0]
[0, 0, 0, 0, 0]
[0, 0, 0, 0, 0]
[0, 0, 0, 0, 0]
[1, 4]
Score: 1839

[11, 8, 4, 7, 3]
[9, 6, 0, 5, 1]
[7, 0, 0, 3, 0]
[6, 0, 0, 0, 0]
[0, 0, 0, 0, 0]
[0, 0, 0, 0, 0]
[0, 0, 0, 0, 0]
[4, 3]
Score: 1839

[11, 8, 6, 7, 3]
[9, 6, 0, 3, 1]
[7, 0, 0, 0, 0]
[6, 0, 0, 0, 0]
[0, 0, 0, 0, 0]
[0, 0, 0, 0, 0]
[0, 0, 0, 0, 0]
[3, 3]
Score: 1850

[11, 8, 6, 7, 3]
[9, 6, 0, 4, 1]
[7, 0, 0, 0, 0]
[6, 0, 0, 0, 0]
[0, 0, 0, 0, 0]
[0, 0, 0, 0, 0]
[0, 0, 0, 0, 0]
[3, 6]
Score: 1854

[11, 8, 6, 7, 3]
[9, 6, 0, 4, 1]
[7, 0, 0, 3, 0]
[6, 0, 0, 0, 0]
[0, 0, 0, 0, 0]
[0, 0, 0, 0, 0]
[0, 0, 0, 0, 0]
[6, 5]
Score: 1854

[11, 8, 6, 7, 3]
[9, 6, 0, 4, 1]
[8, 0, 0, 3, 0]
[0, 0, 0, 0, 0]
[0, 0, 0, 0, 0]
[0, 0, 0, 0, 0]
[0, 0, 0, 0, 0]
[5, 1]
Score: 1869

[11, 8, 6, 7, 3]
[9, 6, 0, 4, 1]
[8, 5, 0, 3, 0]
[0, 0, 0, 0, 0]
[0, 0, 0, 0, 0]
[0, 0, 0, 0, 0]
[0, 0, 0, 0, 0]
[1, 1]
Score: 1869

[11, 8, 6, 7, 3]
[9, 6, 0, 4, 2]
[8, 5, 0, 3, 0]
[0, 0, 0, 0, 0]
[0, 0, 0, 0, 0]
[0, 0, 0, 0, 0]
[0, 0, 0, 0, 0]
[1, 1]
Score: 1871

[11, 8, 6, 7, 3]
[9, 6, 0, 4, 2]
[8, 5, 0, 3, 1]
[0, 0, 0, 0, 0]
[0, 0, 0, 0, 0]
[0, 0, 0, 0, 0]
[0, 0, 0, 0, 0]
[1, 6]
Score: 1871

[11, 8, 6, 7, 3]
[9, 6, 0, 5, 0]
[8, 5, 0, 0, 0]
[0, 0, 0, 0, 0]
[0, 0, 0, 0, 0]
[0, 0, 0, 0, 0]
[0, 0, 0, 0, 0]
[6, 1]
Score: 1885

[11, 8, 6, 7, 3]
[9, 6, 0, 5, 0]
[8, 5, 0, 0, 0]
[6, 0, 0, 0, 0]
[0, 0, 0, 0, 0]
[0, 0, 0, 0, 0]
[0, 0, 0, 0, 0]
[1, 3]
Score: 1885

[11, 8, 6, 7, 3]
[9, 6, 0, 5, 1]
[8, 5, 0, 0, 0]
[6, 0, 0, 0, 0]
[0, 0, 0, 0, 0]
[0, 0, 0, 0, 0]
[0, 0, 0, 0, 0]
[3, 1]
Score: 1885

[11, 8, 6, 7, 3]
[9, 6, 0, 5, 1]
[8, 5, 0, 3, 0]
[6, 0, 0, 0, 0]
[0, 0, 0, 0, 0]
[0, 0, 0, 0, 0]
[0, 0, 0, 0, 0]
[1, 6]
Score: 1885

[11, 8, 6, 7, 3]
[9, 6, 0, 5, 2]
[8, 5, 0, 3, 0]
[6, 0, 0, 0, 0]
[0, 0, 0, 0, 0]
[0, 0, 0, 0, 0]
[0, 0, 0, 0, 0]
[6, 1]
Score: 1887

[11, 8, 6, 7, 3]
[9, 6, 0, 5, 2]
[8, 5, 0, 3, 0]
[7, 0, 0, 0, 0]
[0, 0, 0, 0, 0]
[0, 0, 0, 0, 0]
[0, 0, 0, 0, 0]
[1, 2]
Score: 1894

[11, 8, 6, 7, 3]
[9, 6, 0, 5, 2]
[8, 5, 0, 3, 1]
[7, 0, 0, 0, 0]
[0, 0, 0, 0, 0]
[0, 0, 0, 0, 0]
[0, 0, 0, 0, 0]
[2, 2]
Score: 1894

[11, 8, 6, 7, 3]
[9, 6, 0, 5, 2]
[8, 5, 0, 3, 1]
[7, 0, 0, 2, 0]
[0, 0, 0, 0, 0]
[0, 0, 0, 0, 0]
[0, 0, 0, 0, 0]
[2, 3]
Score: 1894

[11, 8, 6, 7, 3]
[9, 6, 0, 5, 2]
[8, 5, 0, 4, 1]
[7, 0, 0, 0, 0]
[0, 0, 0, 0, 0]
[0, 0, 0, 0, 0]
[0, 0, 0, 0, 0]
[3, 5]
Score: 1901

[11, 8, 6, 7, 3]
[9, 6, 0, 5, 2]
[8, 5, 0, 4, 1]
[7, 0, 0, 3, 0]
[0, 0, 0, 0, 0]
[0, 0, 0, 0, 0]
[0, 0, 0, 0, 0]
[5, 5]
Score: 1901

[11, 8, 6, 7, 3]
[9, 7, 0, 5, 2]
[8, 0, 0, 4, 1]
[7, 0, 0, 3, 0]
[0, 0, 0, 0, 0]
[0, 0, 0, 0, 0]
[0, 0, 0, 0, 0]
[5, 1]
Score: 1914

[11, 8, 6, 7, 3]
[9, 7, 0, 5, 2]
[8, 5, 0, 4, 1]
[7, 0, 0, 3, 0]
[0, 0, 0, 0, 0]
[0, 0, 0, 0, 0]
[0, 0, 0, 0, 0]
[1, 4]
Score: 1914

[11, 8, 6, 7, 4]
[9, 7, 0, 5, 0]
[8, 5, 0, 4, 0]
[7, 0, 0, 3, 0]
[0, 0, 0, 0, 0]
[0, 0, 0, 0, 0]
[0, 0, 0, 0, 0]
[4, 1]
Score: 1923

[11, 8, 6, 7, 4]
[9, 7, 4, 5, 0]
[8, 5, 0, 4, 0]
[7, 0, 0, 3, 0]
[0, 0, 0, 0, 0]
[0, 0, 0, 0, 0]
[0, 0, 0, 0, 0]
[1, 6]
Score: 1923

[11, 8, 6, 7, 4]
[9, 7, 4, 5, 1]
[8, 5, 0, 4, 0]
[7, 0, 0, 3, 0]
[0, 0, 0, 0, 0]
[0, 0, 0, 0, 0]
[0, 0, 0, 0, 0]
[6, 4]
Score: 1923

[11, 8, 6, 7, 4]
[9, 7, 4, 5, 1]
[8, 5, 0, 4, 0]
[7, 0, 0, 3, 0]
[6, 0, 0, 0, 0]
[0, 0, 0, 0, 0]
[0, 0, 0, 0, 0]
[4, 5]
Score: 1923

[11, 9, 0, 7, 4]
[9, 5, 0, 5, 1]
[8, 0, 0, 3, 0]
[7, 0, 0, 0, 0]
[6, 0, 0, 0, 0]
[0, 0, 0, 0, 0]
[0, 0, 0, 0, 0]
[5, 3]
Score: 1959

[11, 9, 0, 7, 4]
[9, 6, 0, 5, 1]
[8, 0, 0, 3, 0]
[7, 0, 0, 0, 0]
[6, 0, 0, 0, 0]
[0, 0, 0, 0, 0]
[0, 0, 0, 0, 0]
[3, 4]
Score: 1965

[11, 9, 0, 7, 4]
[9, 6, 0, 5, 1]
[8, 0, 0, 4, 0]
[7, 0, 0, 0, 0]
[6, 0, 0, 0, 0]
[0, 0, 0, 0, 0]
[0, 0, 0, 0, 0]
[4, 6]
Score: 1969

[11, 9, 4, 7, 4]
[9, 6, 0, 5, 1]
[8, 0, 0, 4, 0]
[7, 0, 0, 0, 0]
[6, 0, 0, 0, 0]
[0, 0, 0, 0, 0]
[0, 0, 0, 0, 0]
[6, 2]
Score: 1969

[11, 9, 4, 7, 4]
[10, 6, 0, 5, 1]
[0, 0, 0, 4, 0]
[0, 0, 0, 0, 0]
[0, 0, 0, 0, 0]
[0, 0, 0, 0, 0]
[0, 0, 0, 0, 0]
[2, 1]
Score: 2003

[11, 9, 4, 7, 4]
[10, 6, 0, 5, 1]
[0, 0, 0, 4, 0]
[0, 0, 0, 2, 0]
[0, 0, 0, 0, 0]
[0, 0, 0, 0, 0]
[0, 0, 0, 0, 0]
[1, 3]
Score: 2003

[11, 9, 4, 7, 4]
[10, 6, 0, 5, 2]
[0, 0, 0, 4, 0]
[0, 0, 0, 2, 0]
[0, 0, 0, 0, 0]
[0, 0, 0, 0, 0]
[0, 0, 0, 0, 0]
[3, 1]
Score: 2005

[11, 9, 4, 7, 4]
[10, 6, 0, 5, 2]
[0, 0, 0, 4, 0]
[0, 0, 0, 2, 0]
[0, 0, 0, 3, 0]
[0, 0, 0, 0, 0]
[0, 0, 0, 0, 0]
[1, 1]
Score: 2005

[11, 9, 4, 7, 4]
[10, 6, 0, 5, 2]
[0, 0, 0, 4, 1]
[0, 0, 0, 2, 0]
[0, 0, 0, 3, 0]
[0, 0, 0, 0, 0]
[0, 0, 0, 0, 0]
[1, 2]
Score: 2005

[11, 9, 4, 7, 4]
[10, 6, 0, 6, 2]
[0, 0, 0, 0, 0]
[0, 0, 0, 0, 0]
[0, 0, 0, 0, 0]
[0, 0, 0, 0, 0]
[0, 0, 0, 0, 0]
[2, 5]
Score: 2025

[11, 9, 4, 7, 4]
[10, 6, 0, 6, 2]
[0, 0, 0, 2, 0]
[0, 0, 0, 0, 0]
[0, 0, 0, 0, 0]
[0, 0, 0, 0, 0]
[0, 0, 0, 0, 0]
[5, 5]
Score: 2025

[11, 9, 4, 7, 4]
[10, 6, 0, 6, 2]
[0, 5, 0, 2, 0]
[0, 0, 0, 0, 0]
[0, 0, 0, 0, 0]
[0, 0, 0, 0, 0]
[0, 0, 0, 0, 0]
[5, 2]
Score: 2025

[11, 9, 4, 7, 4]
[10, 7, 0, 6, 2]
[0, 0, 0, 2, 0]
[0, 0, 0, 0, 0]
[0, 0, 0, 0, 0]
[0, 0, 0, 0, 0]
[0, 0, 0, 0, 0]
[2, 4]
Score: 2038

[11, 9, 4, 7, 4]
[10, 7, 0, 6, 2]
[0, 0, 0, 3, 0]
[0, 0, 0, 0, 0]
[0, 0, 0, 0, 0]
[0, 0, 0, 0, 0]
[0, 0, 0, 0, 0]
[4, 4]
Score: 2041

[11, 9, 5, 7, 4]
[10, 7, 0, 6, 2]
[0, 0, 0, 3, 0]
[0, 0, 0, 0, 0]
[0, 0, 0, 0, 0]
[0, 0, 0, 0, 0]
[0, 0, 0, 0, 0]
[4, 6]
Score: 2046

[11, 9, 5, 7, 4]
[10, 7, 4, 6, 2]
[0, 0, 0, 3, 0]
[0, 0, 0, 0, 0]
[0, 0, 0, 0, 0]
[0, 0, 0, 0, 0]
[0, 0, 0, 0, 0]
[6, 3]
Score: 2046

[11, 9, 5, 7, 4]
[10, 7, 4, 6, 2]
[6, 0, 0, 3, 0]
[0, 0, 0, 0, 0]
[0, 0, 0, 0, 0]
[0, 0, 0, 0, 0]
[0, 0, 0, 0, 0]
[3, 1]
Score: 2046

[11, 9, 5, 7, 4]
[10, 7, 4, 6, 2]
[6, 0, 0, 4, 0]
[0, 0, 0, 0, 0]
[0, 0, 0, 0, 0]
[0, 0, 0, 0, 0]
[0, 0, 0, 0, 0]
[1, 5]
Score: 2050

[11, 9, 5, 7, 4]
[10, 7, 4, 6, 2]
[6, 0, 0, 4, 1]
[0, 0, 0, 0, 0]
[0, 0, 0, 0, 0]
[0, 0, 0, 0, 0]
[0, 0, 0, 0, 0]
[5, 6]
Score: 2050

[11, 9, 5, 7, 4]
[10, 7, 4, 6, 2]
[6, 5, 0, 4, 1]
[0, 0, 0, 0, 0]
[0, 0, 0, 0, 0]
[0, 0, 0, 0, 0]
[0, 0, 0, 0, 0]
[6, 6]
Score: 2050

[11, 9, 5, 7, 4]
[10, 7, 4, 6, 2]
[7, 5, 0, 4, 1]
[0, 0, 0, 0, 0]
[0, 0, 0, 0, 0]
[0, 0, 0, 0, 0]
[0, 0, 0, 0, 0]
[6, 6]
Score: 2057

[11, 9, 5, 7, 4]
[10, 7, 4, 6, 2]
[7, 5, 0, 4, 1]
[6, 0, 0, 0, 0]
[0, 0, 0, 0, 0]
[0, 0, 0, 0, 0]
[0, 0, 0, 0, 0]
[6, 2]
Score: 2057

[11, 9, 5, 7, 4]
[10, 7, 4, 6, 2]
[8, 5, 0, 4, 1]
[0, 0, 0, 0, 0]
[0, 0, 0, 0, 0]
[0, 0, 0, 0, 0]
[0, 0, 0, 0, 0]
[2, 6]
Score: 2072

[11, 9, 5, 7, 4]
[10, 7, 4, 6, 2]
[8, 5, 0, 4, 1]
[0, 0, 0, 2, 0]
[0, 0, 0, 0, 0]
[0, 0, 0, 0, 0]
[0, 0, 0, 0, 0]
[6, 2]
Score: 2072

[11, 9, 5, 7, 4]
[10, 7, 4, 6, 2]
[8, 5, 0, 4, 1]
[6, 0, 0, 2, 0]
[0, 0, 0, 0, 0]
[0, 0, 0, 0, 0]
[0, 0, 0, 0, 0]
[2, 2]
Score: 2072

[11, 9, 5, 7, 4]
[10, 7, 4, 6, 2]
[8, 5, 0, 4, 1]
[6, 0, 0, 3, 0]
[0, 0, 0, 0, 0]
[0, 0, 0, 0, 0]
[0, 0, 0, 0, 0]
[2, 5]
Score: 2075

[11, 9, 5, 7, 4]
[10, 7, 4, 6, 2]
[8, 5, 0, 4, 1]
[6, 0, 0, 3, 0]
[0, 0, 0, 2, 0]
[0, 0, 0, 0, 0]
[0, 0, 0, 0, 0]
[5, 1]
Score: 2075

[11, 9, 5, 7, 4]
[10, 7, 4, 6, 2]
[8, 0, 0, 4, 1]
[7, 0, 0, 3, 0]
[0, 0, 0, 2, 0]
[0, 0, 0, 0, 0]
[0, 0, 0, 0, 0]
[1, 3]
Score: 2088

[11, 9, 5, 7, 4]
[10, 7, 4, 6, 3]
[8, 0, 0, 4, 0]
[7, 0, 0, 3, 0]
[0, 0, 0, 2, 0]
[0, 0, 0, 0, 0]
[0, 0, 0, 0, 0]
[3, 5]
Score: 2093

[11, 9, 5, 7, 4]
[10, 7, 4, 6, 3]
[8, 0, 0, 4, 0]
[7, 0, 0, 3, 0]
[0, 0, 0, 2, 0]
[0, 0, 0, 3, 0]
[0, 0, 0, 0, 0]
[5, 4]
Score: 2093

[11, 9, 5, 7, 4]
[10, 7, 4, 6, 3]
[8, 5, 0, 4, 0]
[7, 0, 0, 3, 0]
[0, 0, 0, 2, 0]
[0, 0, 0, 3, 0]
[0, 0, 0, 0, 0]
[4, 6]
Score: 2093

[11, 9, 5, 7, 4]
[10, 8, 0, 4, 0]
[8, 5, 0, 2, 0]
[7, 0, 0, 3, 0]
[0, 0, 0, 0, 0]
[0, 0, 0, 0, 0]
[0, 0, 0, 0, 0]
[6, 5]
Score: 2124

[11, 9, 5, 7, 4]
[10, 8, 0, 4, 0]
[8, 5, 0, 2, 0]
[7, 0, 0, 3, 0]
[6, 0, 0, 0, 0]
[0, 0, 0, 0, 0]
[0, 0, 0, 0, 0]
[5, 4]
Score: 2124

[11, 9, 5, 7, 4]
[10, 8, 0, 4, 0]
[8, 6, 0, 2, 0]
[7, 0, 0, 3, 0]
[6, 0, 0, 0, 0]
[0, 0, 0, 0, 0]
[0, 0, 0, 0, 0]
[4, 1]
Score: 2130

[11, 9, 6, 7, 4]
[10, 8, 0, 2, 0]
[8, 6, 0, 3, 0]
[7, 0, 0, 0, 0]
[6, 0, 0, 0, 0]
[0, 0, 0, 0, 0]
[0, 0, 0, 0, 0]
[1, 2]
Score: 2141

[11, 9, 6, 7, 4]
[10, 8, 0, 2, 1]
[8, 6, 0, 3, 0]
[7, 0, 0, 0, 0]
[6, 0, 0, 0, 0]
[0, 0, 0, 0, 0]
[0, 0, 0, 0, 0]
[2, 6]
Score: 2141

[11, 9, 6, 7, 4]
[10, 8, 0, 2, 1]
[8, 6, 0, 3, 0]
[7, 0, 0, 2, 0]
[6, 0, 0, 0, 0]
[0, 0, 0, 0, 0]
[0, 0, 0, 0, 0]
[6, 1]
Score: 2141

[11, 9, 6, 7, 4]
[10, 8, 0, 2, 1]
[9, 6, 0, 3, 0]
[0, 0, 0, 2, 0]
[0, 0, 0, 0, 0]
[0, 0, 0, 0, 0]
[0, 0, 0, 0, 0]
[1, 5]
Score: 2165

[11, 9, 6, 7, 5]
[10, 8, 0, 2, 0]
[9, 6, 0, 0, 0]
[0, 0, 0, 0, 0]
[0, 0, 0, 0, 0]
[0, 0, 0, 0, 0]
[0, 0, 0, 0, 0]
[5, 6]
Score: 2172

[11, 9, 6, 7, 5]
[10, 8, 0, 2, 0]
[9, 6, 0, 0, 0]
[0, 5, 0, 0, 0]
[0, 0, 0, 0, 0]
[0, 0, 0, 0, 0]
[0, 0, 0, 0, 0]
[6, 2]
Score: 2172

[11, 9, 6, 7, 5]
[10, 8, 0, 2, 0]
[9, 6, 0, 0, 0]
[6, 5, 0, 0, 0]
[0, 0, 0, 0, 0]
[0, 0, 0, 0, 0]
[0, 0, 0, 0, 0]
[2, 1]
Score: 2172

[11, 9, 6, 7, 5]
[10, 8, 0, 3, 0]
[9, 6, 0, 0, 0]
[6, 5, 0, 0, 0]
[0, 0, 0, 0, 0]
[0, 0, 0, 0, 0]
[0, 0, 0, 0, 0]
[1, 4]
Score: 2175

[11, 9, 6, 7, 5]
[10, 8, 0, 3, 1]
[9, 6, 0, 0, 0]
[6, 5, 0, 0, 0]
[0, 0, 0, 0, 0]
[0, 0, 0, 0, 0]
[0, 0, 0, 0, 0]
[4, 3]
Score: 2175

[11, 9, 6, 7, 5]
[10, 8, 4, 3, 1]
[9, 6, 0, 0, 0]
[6, 5, 0, 0, 0]
[0, 0, 0, 0, 0]
[0, 0, 0, 0, 0]
[0, 0, 0, 0, 0]
[3, 5]
Score: 2175

[11, 9, 6, 7, 5]
[10, 8, 0, 5, 1]
[9, 6, 0, 0, 0]
[6, 5, 0, 0, 0]
[0, 0, 0, 0, 0]
[0, 0, 0, 0, 0]
[0, 0, 0, 0, 0]
[5, 4]
Score: 2179

[11, 8, 5, 6, 4]
[0, 0, 0, 4, 0]
[0, 0, 0, 0, 0]
[0, 0, 0, 0, 0]
[0, 0, 0, 0, 0]
[0, 0, 0, 0, 0]
[0, 0, 0, 0, 0]
[4, 2]
Score: 2335

[11, 8, 0, 7, 4]
[0, 0, 0, 0, 0]
[0, 0, 0, 0, 0]
[0, 0, 0, 0, 0]
[0, 0, 0, 0, 0]
[0, 0, 0, 0, 0]
[0, 0, 0, 0, 0]
[2, 3]
Score: 2346

[11, 8, 0, 7, 4]
[0, 0, 0, 2, 0]
[0, 0, 0, 0, 0]
[0, 0, 0, 0, 0]
[0, 0, 0, 0, 0]
[0, 0, 0, 0, 0]
[0, 0, 0, 0, 0]
[3, 6]
Score: 2346

[11, 8, 0, 7, 4]
[0, 0, 0, 2, 0]
[0, 0, 0, 3, 0]
[0, 0, 0, 0, 0]
[0, 0, 0, 0, 0]
[0, 0, 0, 0, 0]
[0, 0, 0, 0, 0]
[6, 5]
Score: 2346

[11, 8, 0, 7, 4]
[6, 0, 0, 2, 0]
[0, 0, 0, 3, 0]
[0, 0, 0, 0, 0]
[0, 0, 0, 0, 0]
[0, 0, 0, 0, 0]
[0, 0, 0, 0, 0]
[5, 3]
Score: 2346

[11, 8, 0, 7, 4]
[6, 5, 0, 2, 0]
[0, 0, 0, 3, 0]
[0, 0, 0, 0, 0]
[0, 0, 0, 0, 0]
[0, 0, 0, 0, 0]
[0, 0, 0, 0, 0]
[3, 5]
Score: 2346

[11, 8, 0, 7, 4]
[6, 5, 0, 2, 0]
[0, 0, 0, 4, 0]
[0, 0, 0, 0, 0]
[0, 0, 0, 0, 0]
[0, 0, 0, 0, 0]
[0, 0, 0, 0, 0]
[5, 6]
Score: 2350

[11, 8, 0, 7, 4]
[0, 7, 0, 2, 0]
[0, 0, 0, 4, 0]
[0, 0, 0, 0, 0]
[0, 0, 0, 0, 0]
[0, 0, 0, 0, 0]
[0, 0, 0, 0, 0]
[6, 3]
Score: 2356

[11, 8, 0, 7, 4]
[6, 7, 0, 2, 0]
[0, 0, 0, 4, 0]
[0, 0, 0, 0, 0]
[0, 0, 0, 0, 0]
[0, 0, 0, 0, 0]
[0, 0, 0, 0, 0]
[3, 3]
Score: 2356

[11, 8, 0, 7, 4]
[6, 7, 0, 2, 0]
[0, 0, 0, 4, 0]
[0, 0, 0, 3, 0]
[0, 0, 0, 0, 0]
[0, 0, 0, 0, 0]
[0, 0, 0, 0, 0]
[3, 5]
Score: 2356

[11, 8, 0, 7, 4]
[6, 7, 0, 2, 0]
[0, 0, 0, 5, 0]
[0, 0, 0, 0, 0]
[0, 0, 0, 0, 0]
[0, 0, 0, 0, 0]
[0, 0, 0, 0, 0]
[5, 3]
Score: 2365

[11, 8, 0, 7, 4]
[6, 7, 0, 2, 0]
[0, 5, 0, 5, 0]
[0, 0, 0, 0, 0]
[0, 0, 0, 0, 0]
[0, 0, 0, 0, 0]
[0, 0, 0, 0, 0]
[3, 4]
Score: 2365

[11, 8, 0, 7, 4]
[6, 7, 0, 2, 0]
[0, 5, 0, 5, 0]
[0, 0, 0, 3, 0]
[0, 0, 0, 0, 0]
[0, 0, 0, 0, 0]
[0, 0, 0, 0, 0]
[4, 4]
Score: 2365

[11, 8, 4, 7, 4]
[6, 7, 0, 2, 0]
[0, 5, 0, 5, 0]
[0, 0, 0, 3, 0]
[0, 0, 0, 0, 0]
[0, 0, 0, 0, 0]
[0, 0, 0, 0, 0]
[4, 6]
Score: 2365

[11, 8, 5, 7, 4]
[6, 7, 0, 2, 0]
[0, 5, 0, 5, 0]
[0, 0, 0, 3, 0]
[0, 0, 0, 0, 0]
[0, 0, 0, 0, 0]
[0, 0, 0, 0, 0]
[6, 1]
Score: 2370

[11, 8, 5, 7, 4]
[8, 5, 0, 2, 0]
[0, 0, 0, 5, 0]
[0, 0, 0, 3, 0]
[0, 0, 0, 0, 0]
[0, 0, 0, 0, 0]
[0, 0, 0, 0, 0]
[1, 4]
Score: 2385

[11, 8, 5, 7, 4]
[8, 5, 0, 2, 1]
[0, 0, 0, 5, 0]
[0, 0, 0, 3, 0]
[0, 0, 0, 0, 0]
[0, 0, 0, 0, 0]
[0, 0, 0, 0, 0]
[4, 6]
Score: 2385

[11, 8, 5, 7, 4]
[8, 5, 4, 2, 1]
[0, 0, 0, 5, 0]
[0, 0, 0, 3, 0]
[0, 0, 0, 0, 0]
[0, 0, 0, 0, 0]
[0, 0, 0, 0, 0]
[6, 5]
Score: 2385

[11, 8, 5, 7, 4]
[8, 5, 4, 2, 1]
[6, 0, 0, 5, 0]
[0, 0, 0, 3, 0]
[0, 0, 0, 0, 0]
[0, 0, 0, 0, 0]
[0, 0, 0, 0, 0]
[5, 1]
Score: 2385

[11, 8, 5, 7, 4]
[8, 0, 4, 2, 1]
[7, 0, 0, 5, 0]
[0, 0, 0, 3, 0]
[0, 0, 0, 0, 0]
[0, 0, 0, 0, 0]
[0, 0, 0, 0, 0]
[1, 2]
Score: 2398

[11, 8, 5, 7, 4]
[8, 0, 4, 5, 3]
[7, 0, 0, 3, 0]
[0, 0, 0, 0, 0]
[0, 0, 0, 0, 0]
[0, 0, 0, 0, 0]
[0, 0, 0, 0, 0]
[2, 1]
Score: 2400

[11, 8, 5, 7, 4]
[8, 0, 4, 5, 3]
[7, 0, 0, 3, 0]
[0, 0, 0, 2, 0]
[0, 0, 0, 0, 0]
[0, 0, 0, 0, 0]
[0, 0, 0, 0, 0]
[1, 2]
Score: 2400

[11, 8, 5, 7, 4]
[8, 0, 4, 5, 3]
[7, 0, 0, 3, 1]
[0, 0, 0, 2, 0]
[0, 0, 0, 0, 0]
[0, 0, 0, 0, 0]
[0, 0, 0, 0, 0]
[2, 5]
Score: 2400

[11, 8, 5, 7, 4]
[8, 0, 4, 5, 3]
[7, 0, 0, 4, 1]
[0, 0, 0, 0, 0]
[0, 0, 0, 0, 0]
[0, 0, 0, 0, 0]
[0, 0, 0, 0, 0]
[5, 3]
Score: 2407

[11, 8, 5, 7, 4]
[8, 5, 4, 5, 3]
[7, 0, 0, 4, 1]
[0, 0, 0, 0, 0]
[0, 0, 0, 0, 0]
[0, 0, 0, 0, 0]
[0, 0, 0, 0, 0]
[3, 5]
Score: 2407

[11, 8, 5, 7, 4]
[8, 5, 4, 5, 3]
[7, 0, 0, 4, 1]
[0, 0, 0, 3, 0]
[0, 0, 0, 0, 0]
[0, 0, 0, 0, 0]
[0, 0, 0, 0, 0]
[5, 3]
Score: 2407

[11, 8, 5, 7, 4]
[8, 6, 4, 5, 3]
[7, 0, 0, 4, 1]
[0, 0, 0, 3, 0]
[0, 0, 0, 0, 0]
[0, 0, 0, 0, 0]
[0, 0, 0, 0, 0]
[3, 4]
Score: 2413

[11, 8, 5, 7, 4]
[8, 6, 4, 6, 3]
[7, 0, 0, 0, 1]
[0, 0, 0, 0, 0]
[0, 0, 0, 0, 0]
[0, 0, 0, 0, 0]
[0, 0, 0, 0, 0]
[4, 6]
Score: 2428

[11, 8, 0, 7, 4]
[8, 7, 0, 6, 3]
[7, 0, 0, 0, 1]
[0, 0, 0, 0, 0]
[0, 0, 0, 0, 0]
[0, 0, 0, 0, 0]
[0, 0, 0, 0, 0]
[6, 5]
Score: 2446

[11, 8, 0, 7, 4]
[8, 7, 0, 6, 3]
[7, 0, 0, 0, 1]
[6, 0, 0, 0, 0]
[0, 0, 0, 0, 0]
[0, 0, 0, 0, 0]
[0, 0, 0, 0, 0]
[5, 2]
Score: 2446

[11, 8, 0, 7, 4]
[8, 7, 0, 6, 3]
[7, 5, 0, 0, 1]
[6, 0, 0, 0, 0]
[0, 0, 0, 0, 0]
[0, 0, 0, 0, 0]
[0, 0, 0, 0, 0]
[2, 2]
Score: 2446

[11, 8, 0, 7, 4]
[8, 7, 0, 6, 3]
[7, 5, 0, 2, 1]
[6, 0, 0, 0, 0]
[0, 0, 0, 0, 0]
[0, 0, 0, 0, 0]
[0, 0, 0, 0, 0]
[2, 6]
Score: 2446

[11, 8, 0, 7, 4]
[8, 7, 0, 6, 3]
[7, 5, 0, 3, 1]
[6, 0, 0, 0, 0]
[0, 0, 0, 0, 0]
[0, 0, 0, 0, 0]
[0, 0, 0, 0, 0]
[6, 3]
Score: 2449

[11, 8, 0, 7, 4]
[9, 7, 0, 6, 3]
[0, 5, 0, 3, 1]
[0, 0, 0, 0, 0]
[0, 0, 0, 0, 0]
[0, 0, 0, 0, 0]
[0, 0, 0, 0, 0]
[3, 5]
Score: 2473

[11, 8, 0, 7, 4]
[9, 7, 0, 6, 3]
[0, 5, 0, 4, 1]
[0, 0, 0, 0, 0]
[0, 0, 0, 0, 0]
[0, 0, 0, 0, 0]
[0, 0, 0, 0, 0]
[5, 2]
Score: 2477

[11, 8, 0, 7, 4]
[9, 7, 0, 6, 3]
[0, 6, 0, 4, 1]
[0, 0, 0, 0, 0]
[0, 0, 0, 0, 0]
[0, 0, 0, 0, 0]
[0, 0, 0, 0, 0]
[2, 5]
Score: 2483

[11, 8, 0, 7, 4]
[9, 7, 0, 6, 3]
[0, 6, 0, 4, 1]
[0, 0, 0, 2, 0]
[0, 0, 0, 0, 0]
[0, 0, 0, 0, 0]
[0, 0, 0, 0, 0]
[5, 1]
Score: 2483

[11, 8, 0, 7, 4]
[9, 7, 0, 6, 3]
[0, 6, 0, 4, 1]
[0, 5, 0, 2, 0]
[0, 0, 0, 0, 0]
[0, 0, 0, 0, 0]
[0, 0, 0, 0, 0]
[1, 6]
Score: 2483

[11, 8, 0, 7, 4]
[9, 7, 0, 6, 3]
[0, 6, 0, 4, 0]
[0, 5, 0, 3, 0]
[0, 0, 0, 0, 0]
[0, 0, 0, 0, 0]
[0, 0, 0, 0, 0]
[6, 2]
Score: 2488

[11, 8, 0, 7, 4]
[9, 7, 0, 6, 3]
[7, 5, 0, 4, 0]
[0, 0, 0, 3, 0]
[0, 0, 0, 0, 0]
[0, 0, 0, 0, 0]
[0, 0, 0, 0, 0]
[2, 3]
Score: 2495

[11, 8, 0, 7, 4]
[9, 7, 0, 6, 3]
[7, 5, 0, 4, 0]
[0, 0, 0, 3, 0]
[0, 0, 0, 2, 0]
[0, 0, 0, 0, 0]
[0, 0, 0, 0, 0]
[3, 6]
Score: 2495

[11, 8, 0, 7, 4]
[9, 7, 0, 6, 3]
[7, 5, 0, 4, 0]
[0, 0, 0, 3, 0]
[0, 0, 0, 2, 0]
[0, 0, 0, 3, 0]
[0, 0, 0, 0, 0]
[6, 1]
Score: 2495

[11, 8, 0, 7, 4]
[9, 7, 0, 6, 3]
[7, 5, 0, 4, 0]
[6, 0, 0, 3, 0]
[0, 0, 0, 2, 0]
[0, 0, 0, 3, 0]
[0, 0, 0, 0, 0]
[1, 5]
Score: 2495

[11, 8, 0, 7, 4]
[9, 7, 0, 6, 3]
[7, 5, 0, 4, 1]
[6, 0, 0, 3, 0]
[0, 0, 0, 2, 0]
[0, 0, 0, 3, 0]
[0, 0, 0, 0, 0]
[5, 3]
Score: 2495

[11, 8, 0, 7, 4]
[9, 7, 0, 6, 3]
[8, 0, 0, 4, 1]
[0, 0, 0, 3, 0]
[0, 0, 0, 2, 0]
[0, 0, 0, 3, 0]
[0, 0, 0, 0, 0]
[3, 5]
Score: 2516

[11, 8, 0, 7, 4]
[9, 7, 0, 6, 3]
[8, 0, 0, 4, 1]
[0, 0, 0, 3, 0]
[0, 0, 0, 2, 0]
[0, 0, 0, 4, 0]
[0, 0, 0, 0, 0]
[5, 6]
Score: 2520

[11, 8, 0, 7, 4]
[9, 7, 0, 6, 3]
[8, 5, 0, 4, 1]
[0, 0, 0, 3, 0]
[0, 0, 0, 2, 0]
[0, 0, 0, 4, 0]
[0, 0, 0, 0, 0]
[6, 3]
Score: 2520

[11, 8, 0, 7, 4]
[9, 7, 0, 6, 3]
[8, 5, 0, 4, 1]
[6, 0, 0, 3, 0]
[0, 0, 0, 2, 0]
[0, 0, 0, 4, 0]
[0, 0, 0, 0, 0]
[3, 1]
Score: 2520

[11, 8, 0, 7, 4]
[9, 7, 0, 6, 3]
[8, 5, 0, 4, 1]
[6, 0, 0, 3, 0]
[0, 0, 0, 2, 0]
[0, 0, 0, 4, 0]
[0, 0, 0, 3, 0]
[1, 2]
Score: 2520

[11, 8, 0, 7, 4]
[9, 7, 0, 6, 3]
[8, 5, 0, 4, 2]
[6, 0, 0, 3, 0]
[0, 0, 0, 2, 0]
[0, 0, 0, 4, 0]
[0, 0, 0, 3, 0]
[2, 2]
Score: 2522

[11, 8, 0, 7, 4]
[9, 7, 0, 6, 3]
[8, 5, 0, 5, 0]
[6, 0, 0, 2, 0]
[0, 0, 0, 4, 0]
[0, 0, 0, 3, 0]
[0, 0, 0, 0, 0]
[2, 1]
Score: 2534

[11, 8, 0, 7, 4]
[9, 7, 0, 6, 3]
[8, 5, 0, 5, 0]
[6, 0, 0, 2, 0]
[0, 0, 0, 4, 0]
[0, 0, 0, 3, 0]
[0, 0, 0, 2, 0]
[1, 3]
Score: 2534

[11, 8, 0, 7, 4]
[9, 7, 0, 6, 3]
[8, 5, 0, 5, 1]
[6, 0, 0, 2, 0]
[0, 0, 0, 4, 0]
[0, 0, 0, 3, 0]
[0, 0, 0, 2, 0]
[3, 6]
Score: 2534

[11, 8, 0, 7, 4]
[9, 7, 0, 6, 3]
[8, 5, 0, 5, 1]
[6, 0, 0, 2, 3]
[0, 0, 0, 4, 0]
[0, 0, 0, 3, 0]
[0, 0, 0, 2, 0]
[6, 5]
Score: 2534

[11, 8, 0, 7, 4]
[9, 7, 0, 6, 3]
[8, 5, 0, 5, 1]
[7, 0, 0, 2, 3]
[0, 0, 0, 4, 0]
[0, 0, 0, 3, 0]
[0, 0, 0, 2, 0]
[5, 1]
Score: 2541

[11, 8, 0, 7, 4]
[9, 7, 0, 6, 3]
[8, 6, 0, 5, 1]
[7, 0, 0, 2, 3]
[0, 0, 0, 4, 0]
[0, 0, 0, 3, 0]
[0, 0, 0, 2, 0]
[1, 4]
Score: 2547

[11, 8, 0, 7, 4]
[9, 7, 0, 6, 3]
[8, 6, 0, 5, 1]
[7, 0, 0, 2, 3]
[0, 0, 0, 4, 1]
[0, 0, 0, 3, 0]
[0, 0, 0, 2, 0]
[4, 1]
Score: 2547

[11, 8, 4, 7, 4]
[9, 7, 0, 6, 3]
[8, 6, 0, 5, 1]
[7, 0, 0, 2, 3]
[0, 0, 0, 4, 1]
[0, 0, 0, 3, 0]
[0, 0, 0, 2, 0]
[1, 2]
Score: 2547

[11, 8, 4, 7, 4]
[9, 7, 0, 6, 3]
[8, 6, 0, 5, 1]
[7, 0, 0, 2, 3]
[0, 0, 0, 4, 2]
[0, 0, 0, 3, 0]
[0, 0, 0, 2, 0]
[2, 1]
Score: 2549

[11, 8, 4, 7, 4]
[9, 7, 0, 6, 3]
[8, 6, 0, 5, 1]
[7, 0, 0, 2, 3]
[0, 0, 0, 5, 0]
[0, 0, 0, 2, 0]
[0, 0, 0, 0, 0]
[1, 6]
Score: 2561

[11, 8, 4, 7, 4]
[9, 7, 0, 6, 3]
[8, 6, 0, 5, 1]
[7, 0, 0, 2, 3]
[0, 0, 0, 5, 1]
[0, 0, 0, 2, 0]
[0, 0, 0, 0, 0]
[6, 2]
Score: 2561

[11, 8, 4, 7, 4]
[9, 7, 0, 6, 3]
[8, 6, 0, 5, 1]
[7, 0, 0, 2, 3]
[6, 0, 0, 5, 1]
[0, 0, 0, 2, 0]
[0, 0, 0, 0, 0]
[2, 4]
Score: 2561

[11, 8, 4, 7, 4]
[9, 7, 0, 6, 3]
[8, 6, 0, 5, 1]
[7, 0, 0, 2, 3]
[6, 0, 0, 5, 1]
[0, 0, 0, 3, 0]
[0, 0, 0, 0, 0]
[4, 4]
Score: 2564

[11, 8, 5, 7, 4]
[9, 7, 0, 6, 3]
[8, 6, 0, 5, 1]
[7, 0, 0, 2, 3]
[6, 0, 0, 5, 1]
[0, 0, 0, 3, 0]
[0, 0, 0, 0, 0]
[4, 3]
Score: 2569

[11, 8, 5, 7, 4]
[9, 7, 4, 6, 3]
[8, 6, 0, 5, 1]
[7, 0, 0, 2, 3]
[6, 0, 0, 5, 1]
[0, 0, 0, 3, 0]
[0, 0, 0, 0, 0]
[3, 4]
Score: 2569

[11, 8, 5, 7, 4]
[9, 7, 4, 6, 3]
[8, 6, 0, 5, 1]
[7, 0, 0, 2, 3]
[6, 0, 0, 5, 1]
[0, 0, 0, 4, 0]
[0, 0, 0, 0, 0]
[4, 1]
Score: 2573

[11, 9, 5, 7, 4]
[9, 6, 0, 2, 3]
[8, 0, 0, 5, 1]
[7, 0, 0, 4, 3]
[6, 0, 0, 0, 1]
[0, 0, 0, 0, 0]
[0, 0, 0, 0, 0]
[1, 6]
Score: 2608

[11, 9, 5, 7, 4]
[9, 6, 0, 2, 3]
[8, 0, 0, 5, 1]
[7, 0, 0, 4, 3]
[6, 0, 0, 0, 2]
[0, 0, 0, 0, 0]
[0, 0, 0, 0, 0]
[6, 4]
Score: 2610

[11, 9, 5, 7, 4]
[10, 6, 0, 2, 3]
[0, 0, 0, 5, 1]
[0, 0, 0, 4, 3]
[0, 0, 0, 0, 2]
[0, 0, 0, 0, 0]
[0, 0, 0, 0, 0]
[4, 2]
Score: 2644

[11, 9, 5, 7, 4]
[10, 6, 4, 2, 3]
[0, 0, 0, 5, 1]
[0, 0, 0, 4, 3]
[0, 0, 0, 0, 2]
[0, 0, 0, 0, 0]
[0, 0, 0, 0, 0]
[2, 1]
Score: 2644

[11, 9, 5, 7, 4]
[10, 6, 4, 2, 3]
[0, 0, 0, 5, 1]
[0, 0, 0, 4, 3]
[0, 0, 0, 3, 0]
[0, 0, 0, 0, 0]
[0, 0, 0, 0, 0]
[1, 2]
Score: 2647

[11, 9, 5, 7, 4]
[10, 6, 4, 2, 3]
[0, 0, 0, 5, 1]
[0, 0, 0, 4, 3]
[0, 0, 0, 3, 1]
[0, 0, 0, 0, 0]
[0, 0, 0, 0, 0]
[2, 1]
Score: 2647

[11, 9, 5, 7, 4]
[10, 6, 4, 2, 3]
[0, 0, 0, 5, 1]
[0, 0, 0, 4, 3]
[0, 0, 0, 3, 1]
[0, 0, 0, 2, 0]
[0, 0, 0, 0, 0]
[1, 2]
Score: 2647

[11, 9, 5, 7, 4]
[10, 6, 4, 2, 3]
[0, 0, 0, 6, 1]
[0, 0, 0, 0, 3]
[0, 0, 0, 0, 0]
[0, 0, 0, 0, 0]
[0, 0, 0, 0, 0]
[2, 6]
Score: 2667

[11, 9, 5, 7, 4]
[10, 6, 4, 2, 3]
[0, 0, 0, 6, 1]
[0, 0, 0, 2, 3]
[0, 0, 0, 0, 0]
[0, 0, 0, 0, 0]
[0, 0, 0, 0, 0]
[6, 4]
Score: 2667

[11, 9, 5, 7, 4]
[10, 6, 4, 2, 3]
[6, 0, 0, 6, 1]
[0, 0, 0, 2, 3]
[0, 0, 0, 0, 0]
[0, 0, 0, 0, 0]
[0, 0, 0, 0, 0]
[4, 1]
Score: 2667

[11, 9, 0, 7, 4]
[10, 7, 0, 2, 3]
[6, 0, 0, 6, 1]
[0, 0, 0, 2, 3]
[0, 0, 0, 0, 0]
[0, 0, 0, 0, 0]
[0, 0, 0, 0, 0]
[1, 5]
Score: 2685

[11, 9, 0, 7, 4]
[10, 7, 0, 2, 3]
[6, 0, 0, 6, 1]
[0, 0, 0, 2, 3]
[0, 0, 0, 0, 1]
[0, 0, 0, 0, 0]
[0, 0, 0, 0, 0]
[5, 3]
Score: 2685

[11, 9, 0, 7, 4]
[10, 7, 0, 2, 3]
[6, 5, 0, 6, 1]
[0, 0, 0, 2, 3]
[0, 0, 0, 0, 1]
[0, 0, 0, 0, 0]
[0, 0, 0, 0, 0]
[3, 5]
Score: 2685

[11, 9, 0, 7, 4]
[10, 7, 0, 2, 3]
[6, 5, 0, 6, 1]
[0, 0, 0, 2, 3]
[0, 0, 0, 3, 1]
[0, 0, 0, 0, 0]
[0, 0, 0, 0, 0]
[5, 4]
Score: 2685

[11, 9, 0, 7, 4]
[10, 8, 0, 2, 3]
[0, 0, 0, 6, 1]
[0, 0, 0, 2, 3]
[0, 0, 0, 3, 1]
[0, 0, 0, 0, 0]
[0, 0, 0, 0, 0]
[4, 1]
Score: 2699

[11, 9, 4, 7, 4]
[10, 8, 0, 2, 3]
[0, 0, 0, 6, 1]
[0, 0, 0, 2, 3]
[0, 0, 0, 3, 1]
[0, 0, 0, 0, 0]
[0, 0, 0, 0, 0]
[1, 5]
Score: 2699

[11, 9, 4, 7, 4]
[10, 8, 0, 2, 3]
[0, 0, 0, 6, 1]
[0, 0, 0, 2, 3]
[0, 0, 0, 3, 2]
[0, 0, 0, 0, 0]
[0, 0, 0, 0, 0]
[5, 3]
Score: 2701

[11, 9, 4, 7, 4]
[10, 8, 0, 2, 3]
[0, 5, 0, 6, 1]
[0, 0, 0, 2, 3]
[0, 0, 0, 3, 2]
[0, 0, 0, 0, 0]
[0, 0, 0, 0, 0]
[3, 2]
Score: 2701

[11, 9, 4, 7, 4]
[10, 8, 0, 2, 3]
[0, 5, 0, 6, 1]
[0, 0, 0, 2, 3]
[0, 0, 0, 4, 2]
[0, 0, 0, 0, 0]
[0, 0, 0, 0, 0]
[2, 5]
Score: 2705

[11, 9, 4, 7, 4]
[10, 8, 0, 2, 3]
[0, 5, 0, 6, 1]
[0, 0, 0, 2, 3]
[0, 0, 0, 4, 2]
[0, 0, 0, 2, 0]
[0, 0, 0, 0, 0]
[5, 4]
Score: 2705

[11, 9, 4, 7, 4]
[10, 8, 0, 2, 3]
[0, 6, 0, 6, 1]
[0, 0, 0, 2, 3]
[0, 0, 0, 4, 2]
[0, 0, 0, 2, 0]
[0, 0, 0, 0, 0]
[4, 6]
Score: 2711

[11, 9, 5, 7, 4]
[10, 8, 0, 2, 3]
[0, 6, 0, 6, 1]
[0, 0, 0, 2, 3]
[0, 0, 0, 4, 2]
[0, 0, 0, 2, 0]
[0, 0, 0, 0, 0]
[6, 2]
Score: 2716

[11, 9, 5, 7, 4]
[10, 8, 0, 2, 3]
[7, 0, 0, 6, 1]
[0, 0, 0, 2, 3]
[0, 0, 0, 4, 2]
[0, 0, 0, 2, 0]
[0, 0, 0, 0, 0]
[2, 2]
Score: 2723

[11, 9, 5, 7, 4]
[10, 8, 0, 2, 3]
[7, 0, 0, 6, 1]
[0, 0, 0, 2, 3]
[0, 0, 0, 4, 2]
[0, 0, 0, 3, 0]
[0, 0, 0, 0, 0]
[2, 4]
Score: 2726

[11, 9, 5, 7, 4]
[10, 8, 0, 2, 3]
[7, 0, 0, 6, 1]
[0, 0, 0, 2, 3]
[0, 0, 0, 4, 2]
[0, 0, 0, 3, 0]
[0, 0, 0, 2, 0]
[4, 1]
Score: 2726

[11, 9, 5, 7, 4]
[10, 8, 4, 2, 3]
[7, 0, 0, 6, 1]
[0, 0, 0, 2, 3]
[0, 0, 0, 4, 2]
[0, 0, 0, 3, 0]
[0, 0, 0, 2, 0]
[1, 1]
Score: 2726

[11, 9, 5, 7, 4]
[10, 8, 4, 2, 3]
[7, 0, 0, 6, 1]
[0, 0, 0, 2, 3]
[0, 0, 0, 4, 2]
[0, 0, 0, 3, 1]
[0, 0, 0, 2, 0]
[1, 2]
Score: 2726

[11, 9, 5, 7, 4]
[10, 8, 4, 2, 3]
[7, 0, 0, 6, 1]
[0, 0, 0, 2, 3]
[0, 0, 0, 5, 2]
[0, 0, 0, 0, 0]
[0, 0, 0, 0, 0]
[2, 1]
Score: 2740

[11, 9, 5, 7, 4]
[10, 8, 4, 2, 3]
[7, 0, 0, 6, 1]
[0, 0, 0, 2, 3]
[0, 0, 0, 5, 2]
[0, 0, 0, 2, 0]
[0, 0, 0, 0, 0]
[1, 6]
Score: 2740

[11, 9, 5, 7, 4]
[10, 8, 4, 2, 3]
[7, 0, 0, 6, 1]
[0, 0, 0, 2, 3]
[0, 0, 0, 5, 2]
[0, 0, 0, 2, 1]
[0, 0, 0, 0, 0]
[6, 2]
Score: 2740

[11, 9, 5, 7, 4]
[10, 8, 4, 2, 3]
[7, 0, 0, 6, 1]
[6, 0, 0, 2, 3]
[0, 0, 0, 5, 2]
[0, 0, 0, 2, 1]
[0, 0, 0, 0, 0]
[2, 6]
Score: 2740

[11, 9, 5, 7, 4]
[10, 8, 4, 2, 3]
[7, 0, 0, 6, 1]
[6, 0, 0, 2, 3]
[0, 0, 0, 5, 2]
[0, 0, 0, 3, 1]
[0, 0, 0, 0, 0]
[6, 1]
Score: 2743

[11, 9, 5, 7, 4]
[10, 8, 4, 2, 3]
[8, 0, 0, 6, 1]
[0, 0, 0, 2, 3]
[0, 0, 0, 5, 2]
[0, 0, 0, 3, 1]
[0, 0, 0, 0, 0]
[1, 1]
Score: 2758

[11, 9, 5, 7, 4]
[10, 8, 4, 2, 3]
[8, 0, 0, 6, 1]
[0, 0, 0, 2, 3]
[0, 0, 0, 5, 0]
[0, 0, 0, 4, 0]
[0, 0, 0, 0, 0]
[1, 5]
Score: 2767

[11, 9, 5, 7, 4]
[10, 8, 4, 2, 3]
[8, 0, 0, 6, 1]
[0, 0, 0, 2, 3]
[0, 0, 0, 5, 1]
[0, 0, 0, 4, 0]
[0, 0, 0, 0, 0]
[5, 3]
Score: 2767

[11, 9, 5, 7, 4]
[10, 8, 4, 2, 3]
[8, 5, 0, 6, 1]
[0, 0, 0, 2, 3]
[0, 0, 0, 5, 1]
[0, 0, 0, 4, 0]
[0, 0, 0, 0, 0]
[3, 3]
Score: 2767

[11, 9, 5, 7, 4]
[10, 8, 4, 2, 3]
[8, 5, 0, 6, 1]
[0, 0, 0, 2, 3]
[0, 0, 0, 5, 1]
[0, 0, 0, 4, 0]
[0, 0, 0, 3, 0]
[3, 4]
Score: 2767

[11, 9, 5, 7, 4]
[10, 8, 4, 2, 3]
[8, 5, 0, 6, 1]
[0, 0, 0, 2, 3]
[0, 0, 0, 5, 1]
[0, 0, 0, 4, 3]
[0, 0, 0, 3, 0]
[4, 1]
Score: 2767

[11, 9, 5, 7, 4]
[10, 8, 0, 2, 3]
[8, 6, 0, 6, 1]
[0, 0, 0, 2, 3]
[0, 0, 0, 5, 1]
[0, 0, 0, 4, 3]
[0, 0, 0, 3, 0]
[1, 1]
Score: 2778

[11, 9, 5, 7, 4]
[10, 8, 0, 2, 3]
[8, 6, 0, 6, 1]
[0, 0, 0, 2, 3]
[0, 0, 0, 5, 1]
[0, 0, 0, 4, 3]
[0, 0, 0, 3, 1]
[1, 4]
Score: 2778

[11, 9, 5, 7, 4]
[10, 8, 1, 2, 3]
[8, 6, 0, 6, 1]
[0, 0, 0, 2, 3]
[0, 0, 0, 5, 1]
[0, 0, 0, 4, 3]
[0, 0, 0, 3, 1]
[4, 6]
Score: 2778

[11, 9, 5, 7, 4]
[10, 8, 1, 2, 3]
[8, 6, 4, 6, 1]
[0, 0, 0, 2, 3]
[0, 0, 0, 5, 1]
[0, 0, 0, 4, 3]
[0, 0, 0, 3, 1]
[6, 5]
Score: 2778

[11, 9, 5, 7, 4]
[10, 8, 1, 2, 3]
[8, 6, 4, 6, 1]
[6, 0, 0, 2, 3]
[0, 0, 0, 5, 1]
[0, 0, 0, 4, 3]
[0, 0, 0, 3, 1]
[5, 4]
Score: 2778

[11, 9, 5, 7, 4]
[10, 8, 1, 2, 3]
[8, 6, 4, 6, 1]
[6, 5, 0, 2, 3]
[0, 0, 0, 5, 1]
[0, 0, 0, 4, 3]
[0, 0, 0, 3, 1]
[4, 2]
Score: 2778

[11, 9, 5, 7, 4]
[10, 8, 1, 2, 3]
[8, 6, 0, 6, 1]
[7, 0, 0, 2, 3]
[0, 0, 0, 5, 1]
[0, 0, 0, 4, 3]
[0, 0, 0, 3, 1]
[2, 5]
Score: 2796

[11, 9, 5, 7, 4]
[10, 8, 1, 2, 3]
[8, 6, 2, 6, 1]
[7, 0, 0, 2, 3]
[0, 0, 0, 5, 1]
[0, 0, 0, 4, 3]
[0, 0, 0, 3, 1]
[5, 3]
Score: 2796

[11, 9, 5, 7, 4]
[10, 8, 1, 2, 3]
[8, 6, 2, 6, 1]
[7, 5, 0, 2, 3]
[0, 0, 0, 5, 1]
[0, 0, 0, 4, 3]
[0, 0, 0, 3, 1]
[3, 5]
Score: 2796

[11, 9, 5, 7, 4]
[10, 8, 1, 2, 3]
[8, 6, 2, 6, 1]
[7, 5, 3, 2, 3]
[0, 0, 0, 5, 1]
[0, 0, 0, 4, 3]
[0, 0, 0, 3, 1]
[5, 4]
Score: 2796

[11, 9, 5, 7, 4]
[10, 8, 1, 2, 3]
[9, 0, 2, 6, 1]
[0, 0, 3, 2, 3]
[0, 0, 0, 5, 1]
[0, 0, 0, 4, 3]
[0, 0, 0, 3, 1]
[4, 3]
Score: 2826

[11, 9, 5, 7, 4]
[10, 8, 1, 2, 3]
[9, 0, 2, 6, 1]
[0, 0, 3, 2, 3]
[0, 0, 4, 5, 1]
[0, 0, 0, 4, 3]
[0, 0, 0, 3, 1]
[3, 2]
Score: 2826

[11, 9, 5, 7, 4]
[10, 8, 1, 2, 3]
[9, 0, 2, 6, 1]
[0, 0, 3, 2, 3]
[0, 0, 4, 5, 1]
[0, 0, 3, 4, 3]
[0, 0, 0, 3, 1]
[2, 3]
Score: 2826

[11, 9, 5, 7, 4]
[10, 8, 1, 2, 3]
[9, 0, 2, 6, 1]
[0, 0, 3, 2, 3]
[0, 0, 4, 5, 1]
[0, 0, 3, 4, 3]
[0, 0, 2, 3, 1]
[3, 4]
Score: 2826

[11, 9, 5, 7, 4]
[10, 8, 1, 2, 3]
[9, 0, 2, 6, 1]
[3, 0, 3, 2, 3]
[0, 0, 4, 5, 1]
[0, 0, 3, 4, 3]
[0, 0, 2, 3, 1]
[4, 5]
Score: 2826

[11, 9, 5, 7, 4]
[10, 8, 1, 2, 3]
[9, 4, 2, 6, 1]
[3, 0, 3, 2, 3]
[0, 0, 4, 5, 1]
[0, 0, 3, 4, 3]
[0, 0, 2, 3, 1]
[5, 4]
Score: 2826

[11, 9, 5, 7, 4]
[10, 8, 1, 2, 3]
[9, 4, 2, 6, 1]
[3, 5, 3, 2, 3]
[0, 0, 4, 5, 1]
[0, 0, 3, 4, 3]
[0, 0, 2, 3, 1]
[4, 3]
Score: 2826

[11, 9, 5, 7, 4]
[10, 8, 1, 2, 3]
[9, 4, 2, 6, 1]
[3, 6, 4, 2, 3]
[0, 0, 2, 5, 1]
[0, 0, 0, 4, 3]
[0, 0, 0, 3, 1]
[3, 2]
Score: 2841

[11, 9, 5, 7, 4]
[10, 8, 1, 2, 3]
[9, 4, 2, 6, 1]
[3, 6, 4, 2, 3]
[0, 0, 2, 5, 1]
[0, 0, 3, 4, 3]
[0, 0, 0, 3, 1]
[2, 1]
Score: 2841

[11, 9, 5, 7, 4]
[10, 8, 1, 2, 3]
[9, 4, 2, 6, 1]
[3, 6, 4, 2, 3]
[0, 0, 2, 5, 1]
[0, 0, 3, 4, 3]
[0, 0, 2, 3, 1]
[1, 6]
Score: 2841

[11, 9, 5, 7, 4]
[10, 8, 1, 2, 3]
[9, 4, 2, 6, 1]
[3, 6, 4, 2, 3]
[1, 0, 2, 5, 1]
[0, 0, 3, 4, 3]
[0, 0, 2, 3, 1]
[6, 3]
Score: 2841

[11, 9, 5, 7, 4]
[10, 8, 1, 2, 3]
[9, 4, 2, 6, 1]
[3, 6, 4, 2, 3]
[1, 0, 2, 5, 1]
[6, 0, 3, 4, 3]
[0, 0, 2, 3, 1]
[3, 6]
Score: 2841

[11, 9, 5, 7, 4]
[10, 8, 1, 2, 3]
[9, 4, 2, 6, 1]
[3, 6, 4, 2, 3]
[1, 0, 2, 5, 1]
[6, 0, 3, 4, 3]
[3, 0, 2, 3, 1]
[6, 5]
Score: 2841

[11, 9, 5, 7, 4]
[10, 8, 1, 2, 3]
[9, 4, 2, 6, 1]
[3, 7, 4, 2, 3]
[1, 0, 2, 5, 1]
[6, 0, 3, 4, 3]
[3, 0, 2, 3, 1]
[5, 2]
Score: 2848

[11, 9, 5, 7, 4]
[10, 8, 1, 2, 3]
[9, 4, 2, 6, 1]
[3, 7, 4, 2, 3]
[1, 5, 2, 5, 1]
[6, 0, 3, 4, 3]
[3, 0, 2, 3, 1]
[2, 2]
Score: 2848

[11, 9, 5, 7, 4]
[10, 8, 1, 2, 3]
[9, 4, 2, 6, 1]
[3, 7, 4, 2, 3]
[1, 5, 2, 5, 1]
[6, 2, 3, 4, 3]
[3, 0, 2, 3, 1]
[2, 1]
Score: 2848

[11, 9, 5, 7, 4]
[10, 8, 1, 2, 3]
[9, 4, 2, 6, 1]
[3, 7, 4, 2, 3]
[1, 5, 2, 5, 1]
[6, 4, 3, 4, 3]
[3, 0, 0, 3, 1]
[1, 2]
Score: 2856

[11, 9, 5, 7, 4]
[10, 8, 1, 2, 3]
[9, 4, 2, 6, 1]
[3, 7, 4, 2, 3]
[1, 5, 2, 5, 1]
[6, 4, 3, 4, 3]
[3, 0, 1, 3, 1]
[2, 3]
Score: 2856

[11, 9, 5, 7, 4]
[10, 8, 1, 2, 3]
[9, 4, 2, 6, 1]
[3, 7, 4, 2, 3]
[1, 5, 2, 5, 1]
[6, 4, 3, 4, 3]
[3, 2, 1, 3, 1]
[3, 2]
Score: 2856
3
